MyRun12CtM002C03   23 Jan 2016
2851
1
1400
0
0
0
0
0
0
0
0
0
0
0
0
0
0
0
0
0
0
0
0
0
0
0
0
0
0
0
0
0
0
0
0
0
0
0
0
0
0
0
0
0
0
0
0
0
0
0
0
0
0
0
0
0
0
0
0
0
0
0
3
0
0
0
0
0
0
0
0
0
0
0
0
0
0
0
0
0
0
0
0
0
0
0
0
0
0
0
0
0
0
0
2
0
0
0
0
0
0
0
0
0
0
0
0
0
0
0
0
0
0
0
0
0
2
0
3
0
0
0
0
0
0
0
0
0
0
0
0
0
0
0
0
0
0
0
0
0
0
0
0
0
0
0
0
0
0
0
0
0
0
0
0
0
0
0
0
0
0
0
0
0
0
0
0
0
0
0
0
0
0
0
0
0
0
0
0
0
0
0
0
0
0
0
0
0
0
0
0
0
0
0
0
0
0
0
0
0
0
0
0
0
0
0
0
0
0
0
0
0
0
0
0
0
0
0
0
0
0
0
3
3
0
0
3
0
0
0
0
0
0
0
0
0
0
0
0
0
0
0
0
0
0
0
0
0
0
0
2
0
0
0
0
0
0
0
0
0
0
0
0
0
0
0
0
0
0
0
0
0
0
0
0
0
0
0
0
0
0
0
0
0
0
0
0
0
0
0
0
0
0
0
2
0
0
0
0
0
0
0
0
0
0
0
0
5
0
0
0
0
0
0
0
0
0
0
0
0
0
0
0
0
0
0
0
0
0
0
0
0
0
0
0
0
0
0
0
3
0
0
0
3
0
0
0
0
0
0
0
0
0
3
2
0
0
0
0
0
0
3
0
0
0
0
0
0
0
0
0
0
0
0
0
0
0
0
0
0
0
0
0
0
0
0
0
0
0
0
0
0
0
0
0
0
0
0
0
0
0
0
0
0
0
0
0
0
0
0
0
0
0
0
3
2
0
0
0
0
0
0
2
5
0
3
0
0
0
5
0
0
0
2
0
0
0
0
0
0
0
0
5
0
3
5
0
0
0
0
0
0
0
0
0
0
0
0
0
0
0
0
0
0
0
0
0
0
0
0
0
0
0
0
0
0
0
0
0
2
3
0
0
4
0
0
0
0
0
2
0
0
0
0
0
0
0
0
0
0
0
0
0
0
0
0
0
0
0
0
0
0
0
0
0
0
0
2
0
0
0
0
0
0
0
0
2
3
0
0
0
0
0
0
0
0
0
0
0
0
0
0
0
0
0
0
0
0
0
0
0
0
0
0
0
0
0
0
3
0
0
0
0
0
3
0
0
0
0
0
0
0
0
0
0
0
0
2
0
2
5
0
0
3
2
0
0
0
0
0
0
0
0
0
0
0
0
0
0
0
0
0
0
0
0
0
2
0
0
3
0
0
0
0
2
0
0
0
0
0
0
0
0
0
0
2
2
0
0
0
0
0
0
0
0
0
0
0
0
0
0
0
0
0
0
0
0
0
2
2
0
0
0
0
0
0
0
0
0
0
0
0
0
0
0
0
7
3
2
0
0
0
3
0
0
0
0
0
0
2
0
0
0
0
0
0
0
0
0
0
0
0
0
0
0
0
0
0
0
0
0
0
0
0
0
0
0
0
0
3
0
0
0
2
2
0
0
0
3
0
0
0
0
0
0
0
0
0
5
0
0
0
2
0
0
0
0
0
0
2
0
0
0
0
0
0
0
0
0
0
0
0
0
2
0
0
0
0
0
0
0
0
0
0
0
2
0
0
0
0
0
0
0
2
0
0
0
0
0
0
0
2
3
0
3
4
4
0
0
0
3
5
0
0
0
0
0
0
0
0
2
0
0
0
0
0
0
0
0
0
3
0
0
0
0
16
0
0
0
0
0
0
0
0
0
4
3
0
0
0
0
0
0
2
13
2
24
0
2
0
0
5
38
6
0
0
0
0
12
2
4
23
13
0
6
28
25
30
5
5
0
0
0
0
0
0
8
0
0
0
0
0
0
0
0
0
0
0
0
0
0
0
0
0
0
5
17
2
5
12
41
0
0
0
0
0
0
0
0
0
0
0
0
0
0
0
0
0
0
0
0
0
0
0
0
0
0
0
0
0
0
0
0
0
0
0
0
0
0
0
0
0
0
0
50
50
12
5
30
5
23
2
44
80
47
63
48
15
47
63
47
22
15
50
61
48
47
16
0
2
0
0
15
14
44
36
19
16
14
35
31
0
2
0
0
0
0
0
0
0
7
4
0
0
0
0
23
11
7
23
46
10
26
11
0
39
19
6
14
13
20
67
29
2
5
0
9
3
0
3
2
0
8
5
7
17
11
18
21
20
9
43
26
52
52
50
44
38
13
19
25
28
46
36
23
31
40
9
31
20
20
33
55
33
55
52
43
16
39
40
14
33
12
38
41
32
28
8
29
31
22
50
27
46
27
21
42
28
34
17
38
28
23
30
32
36
60
51
14
0
0
0
0
0
0
0
0
0
0
0
0
0
0
0
0
0
0
0
0
0
0
0
0
0
0
0
0
0
0
0
0
0
0
0
0
0
0
0
0
0
0
0
0
0
0
0
0
0
0
0
0
0
0
0
0
0
0
0
0
0
0
0
0
0
0
0
0
0
0
0
0
0
0
0
0
0
0
0
0
0
0
0
0
0
0
0
0
0
0
0
0
0
0
0
0
0
0
0
0
0
0
0
0
0
0
0
0
0
0
0
0
0
0
0
0
0
0
0
0
0
0
0
0
0
0
2
0
2
3
0
15
0
0
9
0
0
0
0
0
0
0
0
0
0
0
0
0
0
0
0
0
0
0
0
0
0
0
0
0
0
2
5
8
69
8
0
0
0
0
0
0
3
0
0
0
0
0
0
0
0
0
0
0
0
0
0
0
0
0
0
0
0
0
0
0
0
0
0
0
0
27
37
3
5
0
0
0
6
0
0
0
0
0
0
0
2
0
0
0
3
0
0
0
0
0
0
0
2
0
0
2
0
0
2
0
0
0
0
0
0
0
0
0
2
2
0
12
20
6
6
0
0
0
0
0
0
0
0
0
0
0
0
0
0
0
0
0
5
22
47
13
49
0
0
0
0
0
0
0
0
0
0
0
27
20
9
0
0
0
0
0
0
0
0
0
0
0
0
0
0
0
0
15
33
6
0
0
0
3
3
43
28
8
32
17
0
3
2
0
5
32
13
9
39
28
5
5
0
0
0
0
0
20
17
0
0
2
3
9
11
29
42
46
4
0
4
3
0
0
0
0
0
2
5
3
0
20
19
71
7
19
38
5
19
20
36
64
44
2
17
63
28
18
2
4
29
28
0
13
2
2
0
3
15
47
21
10
10
12
13
6
6
0
0
0
13
27
16
0
0
0
0
0
3
0
0
0
9
2
0
0
0
0
0
0
0
0
21
8
14
2
5
0
0
0
0
0
0
0
0
0
0
12
14
0
0
0
0
0
10
14
20
12
0
0
0
0
0
0
0
0
0
0
0
0
4
5
18
17
2
0
14
0
0
0
0
4
17
30
6
0
0
0
0
0
0
0
0
0
0
2
0
23
7
26
32
0
0
0
0
0
0
0
0
0
0
0
0
0
0
0
0
0
0
0
0
0
0
0
0
0
0
0
0
6
2
2
0
2
15
17
22
0
0
6
3
0
0
0
0
0
0
0
0
0
0
0
0
0
0
0
0
0
0
0
0
0
0
4
29
0
19
0
0
0
0
0
0
0
0
0
0
0
0
0
0
0
0
0
0
0
0
16
0
0
0
0
0
0
0
0
0
0
0
0
0
0
0
0
0
0
0
0
3
0
0
25
0
33
19
3
6
0
0
0
0
0
0
2
2
2
0
3
0
0
0
0
0
0
0
0
6
5
3
0
0
0
8
3
30
20
5
3
0
0
0
0
0
0
12
0
14
53
25
9
6
2
14
35
20
30
12
5
11
2
10
2
3
5
8
35
0
0
6
0
3
0
7
0
3
2
36
26
28
29
2
0
0
14
30
35
23
46
54
33
11
3
26
16
3
3
0
17
8
19
31
38
16
38
37
15
23
65
23
44
13
33
46
35
24
34
44
27
34
14
50
24
29
41
24
26
23
22
19
28
10
3
0
11
13
10
41
15
3
0
8
3
3
5
0
0
0
0
0
0
0
0
0
0
0
0
2
0
0
0
0
0
0
0
0
0
0
0
0
0
0
0
0
0
0
0
0
0
0
0
0
0
0
0
0
0
0
0
0
0
0
0
0
0
0
0
0
0
0
0
0
0
0
0
0
0
0
0
0
0
0
0
0
0
0
0
0
0
0
0
0
0
0
0
0
0
0
0
3
0
0
0
0
0
0
0
0
0
0
0
0
0
0
0
0
0
0
0
0
0
0
0
0
0
0
0
0
0
0
0
0
0
0
0
0
0
0
0
0
0
0
3
0
0
0
0
0
0
0
0
0
0
0
0
0
0
0
0
0
0
0
0
0
0
0
0
0
0
0
5
0
0
0
0
0
0
0
0
0
0
0
0
0
0
3
0
0
0
0
0
2
0
0
8
2
0
2
3
0
0
0
0
0
0
0
0
0
0
2
0
0
0
0
0
0
0
0
0
0
0
0
0
0
0
0
0
0
0
0
0
0
0
0
0
0
0
0
0
0
0
0
0
0
0
0
0
0
0
0
0
0
0
0
0
0
0
0
0
0
0
0
0
0
0
0
0
0
0
0
0
0
0
0
0
0
2
0
0
0
14
16
0
0
0
0
0
0
0
0
0
0
0
0
0
0
0
0
0
0
0
0
0
0
0
0
0
0
0
0
0
0
0
0
0
0
0
0
0
0
0
0
0
0
0
0
0
0
0
0
0
0
14
0
11
27
16
0
7
14
3
3
0
0
0
19
15
22
0
0
0
0
25
29
57
33
20
17
0
5
11
7
0
0
0
0
0
0
44
50
24
31
42
29
17
6
38
9
0
9
21
15
0
0
0
0
0
0
0
0
0
39
5
21
9
12
12
31
41
12
0
0
4
0
2
0
2
3
7
5
13
6
28
3
0
0
0
0
0
7
0
50
3
0
0
2
0
0
2
6
0
0
0
0
0
0
3
3
9
0
0
0
0
0
0
0
0
0
6
29
28
14
19
11
2
15
5
0
0
0
0
0
0
0
0
0
0
0
0
0
0
0
0
0
0
0
0
0
0
0
0
0
0
0
0
0
0
0
0
0
0
0
0
0
0
0
0
0
0
0
0
0
0
0
0
0
0
0
0
0
0
0
0
0
0
0
0
0
0
0
2
23
2
0
0
0
0
0
3
0
0
4
0
0
8
6
46
29
9
3
0
0
0
0
0
0
0
0
0
0
0
0
30
5
6
0
0
0
0
0
0
0
0
0
0
0
0
0
0
0
0
0
0
0
0
0
0
0
0
0
0
0
0
0
0
0
0
0
0
5
23
17
0
0
0
2
0
0
5
7
2
0
0
0
0
0
0
0
0
0
0
0
0
0
0
0
0
0
0
0
10
0
0
10
4
7
0
0
0
0
0
0
0
0
0
0
5
6
32
11
10
3
0
0
0
0
5
0
0
0
0
11
10
0
2
7
23
6
0
0
0
16
0
0
0
7
0
0
0
0
0
0
0
0
26
17
11
24
22
36
21
18
46
36
29
35
42
7
15
3
3
3
0
0
0
7
24
34
4
27
43
23
33
52
32
20
38
42
20
33
36
0
0
50
13
17
32
2
23
30
2
34
13
16
24
14
3
0
0
3
0
0
0
2
0
2
7
26
17
7
0
4
3
3
2
2
0
5
0
0
0
0
0
0
0
0
0
0
0
0
0
0
0
0
0
0
0
0
0
0
0
0
0
0
0
0
0
0
0
0
0
0
0
0
0
0
0
0
0
0
0
0
0
0
0
0
0
0
0
0
0
0
0
0
0
0
0
0
0
0
0
0
0
0
0
0
0
0
0
0
0
0
0
0
0
0
0
0
0
0
0
0
0
0
0
0
0
0
0
0
0
0
0
0
0
0
0
0
0
0
0
0
0
0
0
0
0
0
0
0
0
0
0
0
0
0
0
0
0
0
0
0
0
0
0
0
0
0
0
0
0
0
0
0
0
0
0
0
0
0
0
0
0
0
0
0
0
0
0
0
0
0
0
0
0
0
0
0
0
0
0
0
0
0
0
0
0
0
0
0
2
0
0
0
0
3
0
0
0
0
0
0
0
0
0
0
0
0
0
0
0
0
3
6
0
0
0
0
0
0
0
0
0
0
0
0
0
4
0
0
0
0
0
0
0
0
0
0
0
0
0
0
0
2
0
0
0
0
0
0
0
0
0
0
0
0
0
0
0
0
0
0
0
0
0
0
0
0
0
0
0
0
0
0
0
0
0
0
0
0
0
0
0
0
0
0
0
0
0
0
0
0
0
0
0
0
0
0
0
0
0
0
0
0
0
0
0
3
0
0
0
0
0
0
0
3
0
0
0
0
