MyRun11CtM001C24   23 Aug 2016
2851
1
1400
30
63
7
26
0
26
5
26
8
11
15
12
11
15
0
0
0
0
0
0
0
0
0
0
0
0
0
0
0
0
0
0
0
0
0
0
0
0
0
12
0
0
0
2
0
0
0
0
0
0
0
0
0
0
0
0
9
2
0
2
0
0
0
0
0
0
0
0
0
0
0
0
0
0
0
0
0
0
0
0
0
0
0
0
0
0
0
0
0
0
0
0
0
0
0
0
0
0
13
0
2
0
0
0
0
0
0
0
0
0
0
0
0
0
0
0
0
0
3
2
8
21
9
6
108
73
88
77
87
47
49
55
66
7
9
30
52
53
33
61
5
3
2
12
0
0
0
0
0
0
0
0
3
2
2
0
0
18
3
2
69
104
74
60
77
56
63
46
20
20
8
0
0
12
45
41
2
7
73
96
58
79
100
45
0
0
2
0
0
13
0
10
0
0
0
0
0
0
0
0
0
0
0
0
0
0
9
0
0
0
0
0
0
9
2
0
0
0
0
0
0
0
0
0
0
0
0
0
0
0
0
0
0
0
0
0
0
0
0
0
0
10
0
0
0
0
0
0
0
0
0
0
0
0
0
0
0
0
0
8
0
0
0
0
0
0
0
0
0
0
0
7
0
2
2
8
7
30
22
3
8
0
0
0
0
0
0
0
0
0
0
0
0
0
0
0
0
0
0
0
0
0
0
0
0
0
0
0
0
0
0
0
0
0
0
0
0
0
0
0
0
0
0
0
0
0
0
0
0
0
0
0
0
0
0
0
0
0
0
0
0
0
0
0
0
0
0
0
0
0
0
0
0
0
0
0
0
0
0
0
0
0
0
0
0
0
0
0
0
0
0
0
0
0
0
0
0
0
0
0
0
3
15
2
27
6
11
2
0
16
13
9
0
0
5
0
7
0
0
0
0
0
0
0
0
0
0
0
0
0
0
0
0
0
0
0
0
0
0
0
0
0
0
0
0
0
0
0
0
0
0
11
0
0
0
0
0
8
0
0
0
0
0
0
0
0
0
0
0
2
0
0
12
12
0
0
8
22
2
3
0
0
0
0
0
0
0
0
0
0
0
0
0
0
12
0
10
0
0
0
0
0
0
0
8
3
0
0
0
0
0
0
0
0
0
0
0
0
0
0
0
0
0
0
0
0
0
20
9
0
2
3
0
28
44
44
0
0
8
80
36
48
84
49
64
25
50
13
0
0
0
0
0
0
0
0
0
0
0
0
12
0
0
0
0
0
0
0
0
0
0
0
0
0
0
0
0
2
0
0
0
0
0
15
22
0
6
16
0
0
0
0
0
0
0
0
0
0
0
0
0
0
0
0
0
0
0
0
0
0
0
0
0
0
0
0
0
0
0
0
0
0
0
0
0
0
0
0
0
0
0
0
0
0
0
2
0
0
8
4
0
0
0
0
0
0
0
0
0
0
0
0
0
0
0
0
0
0
0
0
0
0
0
8
0
0
0
0
0
0
0
0
0
0
0
0
0
0
0
0
0
0
0
0
0
0
0
0
0
0
0
0
0
0
0
0
0
0
0
2
0
0
0
0
62
20
3
0
0
0
0
0
0
0
0
0
0
0
0
0
0
0
0
0
0
0
0
0
0
0
0
0
0
0
0
0
0
0
0
0
0
0
0
0
0
0
0
0
0
0
0
0
0
0
0
0
0
0
0
7
0
0
0
0
6
2
0
0
0
0
0
0
0
0
0
0
0
7
12
6
0
0
0
0
0
0
0
0
0
0
0
0
0
0
12
2
0
0
0
0
0
0
0
0
0
0
0
7
0
0
0
0
0
0
0
0
6
0
0
0
0
0
0
10
0
0
0
0
0
0
0
0
0
0
0
0
4
0
2
0
0
0
0
2
0
0
0
0
0
0
0
0
0
0
0
0
0
0
0
0
0
0
0
0
0
0
0
0
0
0
0
0
0
0
0
0
0
0
0
0
0
3
0
0
0
0
0
0
0
0
0
12
0
0
0
10
0
0
0
0
0
0
0
0
0
0
0
0
0
0
0
0
0
4
21
6
9
7
11
0
19
10
16
7
3
11
6
7
26
0
0
18
0
0
0
0
0
0
0
0
0
0
0
0
0
7
0
3
5
30
12
0
0
0
0
0
0
0
0
0
0
0
0
10
2
0
0
0
0
0
0
0
0
15
22
7
5
0
65
97
74
32
14
79
23
0
0
0
0
20
62
42
19
0
2
26
52
24
86
79
120
80
9
64
34
35
47
12
3
0
13
40
35
53
8
29
6
51
0
41
22
18
2
0
0
0
11
19
0
0
2
0
0
0
0
0
0
0
0
0
0
0
0
0
0
0
0
0
0
0
0
0
0
0
0
0
0
11
0
0
0
0
0
0
0
0
0
0
0
0
0
0
0
0
0
0
0
0
0
0
0
0
0
0
0
2
0
0
0
0
0
0
0
2
0
0
0
0
0
0
0
0
0
0
0
0
0
0
0
0
0
0
0
0
0
0
0
0
0
0
0
0
0
0
0
0
0
0
0
0
0
0
0
0
0
0
0
0
0
0
0
0
0
0
0
0
0
0
0
0
0
0
0
0
0
0
0
0
0
0
0
0
0
0
0
0
0
0
0
0
0
0
0
0
0
0
0
0
0
0
0
0
0
0
0
0
0
0
6
0
0
0
0
0
0
0
0
7
4
0
0
0
0
0
0
8
2
0
0
0
0
0
0
0
0
0
7
0
0
0
7
2
0
0
0
0
0
0
0
0
0
0
0
0
0
0
0
0
0
0
0
0
0
0
0
0
0
0
0
2
0
0
7
0
0
0
0
0
0
13
0
6
0
0
0
0
0
0
0
0
0
0
0
0
0
0
0
0
7
0
0
0
0
10
0
0
0
0
0
0
10
0
0
0
0
0
0
2
2
3
9
6
13
2
10
6
6
0
0
0
0
0
0
0
0
0
0
0
0
0
0
0
0
0
0
0
0
14
0
0
0
0
0
0
0
6
22
4
0
0
2
0
0
0
0
0
0
0
0
0
0
0
0
0
0
0
0
0
0
0
0
11
0
0
0
0
0
9
0
0
0
0
0
0
0
0
0
0
0
0
0
0
25
23
0
0
0
0
0
0
0
0
23
8
12
0
0
6
0
0
0
0
0
0
0
0
0
0
0
23
0
10
0
0
61
59
22
6
3
5
0
0
0
0
0
0
0
12
0
9
6
3
0
0
0
0
0
0
0
0
0
0
0
2
0
15
0
0
17
12
3
0
5
11
0
0
17
2
0
0
0
0
0
12
11
0
0
0
0
0
0
0
0
0
0
0
0
7
4
2
0
0
0
0
0
0
0
0
0
11
20
15
9
3
0
0
0
0
0
0
0
0
5
0
2
0
3
0
0
0
0
0
0
0
0
0
0
0
0
0
0
0
0
0
0
0
0
0
0
0
0
0
0
0
0
0
0
0
0
39
10
0
0
0
0
0
0
0
3
0
0
0
0
0
0
0
0
0
6
6
0
22
0
2
0
6
8
0
0
0
0
0
0
0
0
0
0
0
0
0
0
0
0
2
2
0
0
0
7
0
0
6
0
0
0
0
0
0
0
0
0
4
5
0
0
0
0
0
0
0
0
0
0
0
7
7
12
4
2
5
0
0
0
0
0
0
0
0
0
0
20
5
6
0
0
0
0
0
0
0
0
0
0
0
3
0
0
0
0
0
0
0
0
0
0
0
0
0
0
0
0
0
0
0
0
0
0
0
0
0
0
0
12
0
0
7
32
0
0
0
10
2
0
0
0
0
0
0
0
0
22
13
0
0
0
0
0
0
0
2
0
0
7
0
0
0
0
0
0
0
0
24
21
14
0
2
0
0
30
56
17
11
0
13
11
36
31
0
0
9
0
18
0
0
42
12
24
21
69
30
97
25
21
45
39
6
3
21
31
0
9
0
0
6
2
18
3
5
34
10
20
31
2
57
61
62
37
23
10
14
19
9
82
14
106
48
4
11
36
58
44
67
87
25
30
59
3
56
59
23
33
38
10
25
86
28
44
33
53
100
42
83
0
23
39
27
38
35
3
37
36
29
11
6
38
0
0
0
0
0
3
0
0
0
0
0
0
0
0
0
0
0
0
0
0
0
0
0
0
0
0
0
0
0
0
0
0
0
0
0
0
0
0
0
0
0
0
0
0
0
0
0
0
0
0
0
0
0
0
0
0
0
0
0
0
0
0
0
0
0
0
0
0
0
0
0
0
0
0
0
0
0
0
0
0
0
0
0
0
0
0
0
0
0
0
0
0
0
0
0
0
0
0
0
0
0
0
0
0
0
0
0
0
0
0
0
0
0
0
0
0
0
0
0
0
0
0
0
0
0
0
0
0
0
0
0
0
0
0
0
0
0
0
0
0
14
0
0
0
0
0
0
0
0
0
0
0
0
0
0
0
0
0
0
0
2
6
0
0
0
7
4
0
0
0
0
0
0
0
0
0
0
0
0
0
0
0
0
0
0
0
0
0
0
8
0
0
0
0
0
0
0
0
0
0
0
0
0
0
2
0
0
0
0
0
0
0
0
0
0
0
0
0
0
10
0
47
0
10
7
6
0
0
0
0
8
0
5
0
0
0
0
0
0
0
0
3
0
0
0
0
0
0
0
0
0
0
0
0
0
0
0
0
0
0
0
0
0
0
0
0
0
0
0
0
0
0
0
0
0
0
0
0
0
0
20
0
0
0
0
0
0
4
8
6
20
6
6
6
0
7
36
9
5
15
8
0
7
4
0
0
0
0
0
0
0
0
0
0
0
0
0
0
0
0
8
0
0
0
8
0
0
0
0
0
0
0
0
0
0
0
0
0
9
6
3
2
0
0
0
0
0
13
0
7
6
0
2
26
3
4
0
11
0
0
0
2
0
0
0
0
0
0
0
0
0
0
0
0
0
0
0
0
0
0
0
0
0
0
0
0
0
0
0
0
0
0
0
0
0
0
0
0
0
0
0
0
0
0
0
0
0
12
0
0
0
10
14
18
0
16
6
3
3
0
0
0
13
0
0
0
0
0
0
0
0
0
0
0
0
2
0
0
0
0
0
5
0
0
0
0
0
0
0
0
0
0
0
0
0
0
12
2
0
0
0
0
0
0
0
0
0
0
0
0
0
11
0
0
0
0
0
5
3
0
0
0
0
0
0
2
0
0
0
0
0
0
0
0
0
0
0
0
0
3
0
0
0
0
0
0
0
0
0
0
0
0
0
0
0
0
0
0
0
0
0
0
0
0
0
0
0
0
0
0
0
0
0
0
0
0
0
0
0
0
0
0
0
0
0
0
0
0
0
0
0
0
8
8
5
9
7
3
14
11
49
14
13
9
0
2
0
0
0
0
33
12
9
0
20
0
0
0
0
0
0
0
0
0
12
19
0
0
0
0
0
0
0
0
4
0
0
12
17
0
0
0
0
33
34
95
46
79
44
82
10
0
22
0
0
0
0
0
6
2
2
0
0
0
0
0
0
0
0
0
0
6
14
13
0
0
13
14
0
0
16
2
0
0
0
47
30
15
3
2
0
38
48
42
24
98
98
14
16
25
50
33
11
22
30
9
58
73
70
34
68
67
26
47
58
102
46
49
61
36
10
20
57
104
46
77
70
55
77
89
28
53
76
34
69
70
58
53
69
27
9
29
20
78
17
18
41
59
15
43
49
38
18
2
82
21
72
70
95
68
57
12
0
0
0
0
0
0
0
0
0
0
0
0
0
0
0
0
0
0
0
0
0
0
0
0
0
4
0
0
0
0
0
0
0
0
0
0
0
0
0
0
0
0
9
0
0
0
0
0
0
0
0
0
0
0
0
0
0
0
0
0
0
0
0
0
0
0
0
0
0
0
0
0
0
0
0
0
0
0
0
0
0
0
0
0
0
0
0
0
0
0
0
0
0
0
0
0
0
0
0
0
0
0
0
0
0
0
2
0
0
0
0
0
0
0
0
0
2
0
0
0
0
0
0
0
0
0
0
0
0
0
0
0
0
0
0
0
0
0
0
0
0
0
11
0
0
0
12
13
0
0
0
0
0
0
0
0
0
0
0
0
0
0
12
0
2
0
0
0
0
0
0
0
0
0
0
0
0
0
0
0
0
0
0
2
0
0
0
0
0
0
0
0
0
0
0
0
0
0
0
0
0
0
0
0
0
0
0
0
0
0
0
0
0
0
0
0
0
0
0
0
0
7
4
0
0
0
0
0
0
0
0
0
0
0
0
0
0
9
4
0
0
2
0
0
0
0
0
0
0
0
2
0
6
0
0
0
0
0
0
0
0
0
0
0
0
0
0
0
0
0
0
0
0
2
3
4
0
0
0
0
0
0
0
0
7
4
0
0
0
2
0
0
11
2
5
0
0
0
0
0
0
0
0
0
0
10
2
0
3
0
0
0
0
0
0
0
0
2
0
0
0
0
0
0
0
0
20
7
0
13
0
0
0
0
