MyRun1CtM001C21   23 Aug 2016
5761
1
1352
12
4
5
3
0
0
2
0
0
2
5
3
2
0
0
5
4
2
4
0
2
0
0
0
2
0
0
0
0
3
2
3
7
0
0
0
0
0
16
10
2
3
0
2
0
0
0
0
0
3
0
0
0
0
0
0
0
0
0
0
0
0
0
0
0
0
0
0
0
0
0
0
0
0
0
0
0
0
0
0
0
0
0
0
0
0
0
0
0
0
0
0
0
0
0
0
0
0
0
0
0
0
0
0
2
2
3
2
0
2
3
8
12
9
8
0
0
0
6
7
3
0
5
8
7
3
2
2
3
0
2
2
3
2
0
0
0
2
0
7
4
0
5
4
3
0
11
2
0
5
0
5
4
6
8
0
5
5
0
3
3
0
13
8
5
2
3
0
0
0
6
0
0
5
0
6
2
3
6
3
3
2
3
5
2
0
0
5
3
0
0
2
3
3
3
2
3
3
4
3
2
14
3
5
13
0
0
3
4
5
3
3
5
5
4
2
5
5
2
0
2
5
0
2
11
6
2
5
3
4
2
3
0
0
0
0
7
3
0
3
0
2
0
0
0
5
9
3
3
0
3
6
5
16
2
7
5
2
4
6
6
9
11
0
4
3
5
5
7
0
9
5
12
0
7
0
4
2
3
2
3
2
6
2
0
8
6
0
2
3
4
9
2
2
2
2
0
0
3
0
0
0
0
0
0
0
0
0
0
0
0
0
0
0
0
0
0
0
0
0
0
0
0
0
0
0
0
0
0
0
0
0
0
0
0
0
0
0
0
0
0
0
0
0
0
0
0
0
0
0
0
0
0
0
0
0
0
0
0
0
0
0
0
0
0
0
0
0
0
0
0
0
0
0
0
0
0
0
0
0
0
0
0
0
0
0
0
0
0
0
0
0
0
0
0
0
0
0
0
0
0
0
0
0
0
0
0
0
0
0
0
0
0
0
0
0
0
0
0
0
0
0
0
0
0
0
0
0
0
0
0
2
0
0
0
0
0
0
0
0
0
0
0
0
0
0
0
0
0
0
0
0
0
0
0
0
0
0
0
0
0
0
0
0
0
0
0
0
0
0
0
0
0
0
0
0
0
0
0
0
0
0
0
0
0
0
0
0
0
0
0
0
0
0
0
0
0
0
0
0
0
0
0
0
0
0
0
0
0
0
0
0
0
0
0
0
0
0
0
0
0
0
0
0
0
0
0
0
0
0
0
0
0
0
0
0
0
0
0
0
0
0
0
0
0
0
0
0
0
0
0
0
0
0
0
0
0
0
0
0
0
0
0
0
0
0
0
0
0
0
0
0
0
0
0
0
0
0
0
0
0
0
0
0
0
0
0
0
0
0
0
0
0
0
0
0
0
0
0
0
0
0
0
0
0
0
0
0
0
0
0
0
0
2
0
0
0
0
0
0
0
0
0
0
0
0
0
0
0
0
0
0
0
0
0
0
0
0
0
0
0
0
0
0
0
0
0
0
0
0
0
0
0
0
0
0
0
0
0
0
0
0
0
0
0
0
0
0
0
0
0
0
0
0
0
0
0
0
0
0
0
0
0
0
0
0
0
0
0
0
0
0
0
0
0
0
0
0
0
0
0
0
0
2
0
0
0
0
0
0
0
0
2
0
0
0
0
0
0
0
0
0
0
0
0
0
0
0
0
0
0
0
0
0
0
0
0
0
0
0
0
0
0
0
0
0
0
3
0
0
0
0
0
0
0
0
0
0
0
0
0
0
0
0
0
0
0
0
0
0
0
0
0
0
2
2
2
0
0
0
0
0
0
0
0
0
0
0
0
0
0
0
0
0
0
0
0
0
0
0
0
0
0
0
0
0
0
0
0
0
0
0
0
0
0
0
0
0
0
0
0
0
0
0
0
0
0
0
0
0
0
0
0
0
0
0
0
0
0
0
0
0
0
0
0
0
0
0
0
0
0
0
10
0
0
0
4
3
0
0
0
5
0
0
0
0
0
0
0
0
0
2
0
0
0
0
0
9
4
9
3
0
0
2
4
2
0
13
3
2
0
0
0
0
0
0
6
14
11
3
8
20
6
16
2
0
0
0
0
2
5
2
0
8
7
0
12
11
10
13
10
2
0
0
0
0
3
9
2
0
2
4
0
0
4
4
2
0
0
0
0
0
2
5
0
0
2
3
2
8
2
15
9
0
2
0
3
8
2
3
3
0
0
0
0
0
0
0
0
0
0
0
0
0
0
0
0
0
0
0
3
0
0
4
0
3
2
12
17
0
0
0
8
3
10
0
0
3
