MyRun1CtM001C13   23 Aug 2016
5761
1
1352
11
12
15
9
8
11
0
5
2
0
0
0
7
0
0
0
0
0
0
7
4
5
0
0
0
0
0
0
0
0
0
0
5
2
6
0
0
0
0
0
0
0
0
0
0
0
0
0
0
0
0
0
0
0
0
0
0
0
0
0
0
0
0
0
0
0
0
0
0
0
0
0
0
0
0
0
0
0
0
0
0
0
0
0
0
0
0
0
0
0
0
0
0
0
0
0
0
0
0
0
0
0
0
0
0
0
0
0
0
0
0
0
0
3
0
2
0
0
0
0
0
0
0
0
13
5
0
3
3
0
0
0
0
0
0
0
0
0
0
0
0
0
0
0
0
0
0
0
0
0
0
0
0
0
0
0
0
0
0
0
0
5
0
8
0
0
4
0
0
0
0
0
0
0
10
0
6
3
4
4
0
0
3
2
0
0
2
0
3
0
0
0
0
15
2
0
0
8
13
2
12
13
3
10
2
0
0
6
6
0
5
11
3
15
21
19
5
7
0
0
2
0
0
0
8
4
8
0
15
2
4
4
6
8
19
6
0
5
8
33
2
2
6
30
2
0
0
25
0
0
5
4
18
17
2
22
10
0
6
15
0
22
4
9
8
10
6
0
22
0
19
3
0
21
12
19
3
11
19
14
22
32
11
0
8
2
0
3
11
7
18
9
12
4
3
2
4
0
0
5
9
6
3
0
7
5
0
0
0
0
2
0
0
0
0
0
0
0
2
15
15
15
7
0
13
5
9
3
8
3
10
6
5
0
0
0
0
0
3
0
0
0
13
4
0
0
0
0
12
13
5
5
0
0
2
5
0
6
9
0
3
8
8
10
9
2
14
3
2
0
0
0
0
0
0
0
0
0
0
2
5
2
12
0
14
14
0
0
5
4
0
0
0
2
0
0
0
0
0
2
0
3
10
11
2
0
5
5
2
0
18
3
2
2
21
0
0
5
3
2
0
0
0
4
3
5
0
2
0
0
0
2
0
0
0
0
5
0
5
4
6
2
0
6
0
11
3
2
0
0
6
5
2
3
2
7
3
0
5
7
2
0
0
2
0
0
5
0
0
2
0
6
6
2
0
0
0
13
0
2
3
0
0
0
0
0
0
0
0
2
4
2
0
2
0
2
0
5
6
3
2
0
0
0
0
2
9
0
0
0
2
0
0
0
0
0
0
0
5
0
5
3
6
0
0
2
0
0
5
0
3
12
8
0
0
6
5
0
0
2
5
2
2
2
2
3
0
0
2
0
0
0
0
5
2
3
7
3
0
0
0
0
0
0
0
0
0
0
0
0
3
2
2
0
0
0
0
3
0
0
0
0
0
2
3
0
2
0
0
0
4
0
0
0
0
0
0
0
0
0
0
0
0
0
0
0
10
2
3
5
2
0
0
0
0
0
5
0
0
0
0
0
0
0
0
0
0
0
0
0
2
0
0
0
0
0
0
0
0
0
0
0
0
0
0
0
0
0
0
0
0
0
0
0
0
0
0
0
0
0
0
0
0
2
0
0
0
0
0
0
0
0
0
0
0
0
0
0
0
0
0
0
0
0
0
0
0
0
0
0
0
0
0
0
0
0
0
0
0
0
0
2
0
0
0
0
0
3
0
0
0
0
0
0
0
0
0
0
0
2
5
0
0
0
0
0
0
3
0
0
0
0
0
0
2
0
0
0
0
3
0
0
0
0
0
0
0
0
0
2
0
0
11
0
0
0
0
0
3
3
5
3
15
2
2
0
0
0
0
0
4
14
5
9
8
2
0
0
0
0
3
4
0
0
2
0
7
3
3
0
0
0
3
0
0
2
0
2
3
0
0
0
0
2
0
2
6
0
2
2
2
5
0
0
5
6
4
3
0
4
6
0
0
2
0
0
3
0
2
2
2
0
5
2
0
17
0
0
0
0
2
0
0
0
11
5
6
0
0
0
0
0
0
2
5
4
0
0
2
0
4
0
4
0
0
2
0
3
0
2
0
0
0
3
5
2
0
6
0
2
4
0
0
3
8
9
0
2
7
3
9
8
3
2
3
7
0
0
0
3
4
2
0
3
6
0
2
5
0
2
0
6
2
2
0
0
0
3
5
3
4
6
0
8
2
4
2
14
0
0
3
2
4
0
2
0
3
0
3
0
3
2
0
4
0
3
3
0
4
4
2
0
0
0
0
0
0
4
2
2
0
0
0
0
0
0
0
0
0
0
4
3
2
3
0
2
4
5
0
5
2
2
0
0
0
0
0
0
0
0
0
2
0
5
2
0
3
2
