MyRun1CtM001C03   23 Aug 2016
5761
1
1352
29
13
12
12
26
5
4
0
9
30
26
13
9
8
36
17
20
0
0
2
22
8
0
14
18
0
0
0
0
0
0
0
0
0
0
0
0
0
0
0
0
0
0
0
0
0
0
0
0
0
0
0
0
0
0
0
0
0
0
0
0
0
0
0
0
0
0
0
0
0
0
0
0
0
0
0
0
0
0
0
0
0
0
0
2
0
2
0
0
0
0
0
0
0
0
0
0
0
0
0
0
0
0
0
0
0
0
0
0
0
0
0
0
0
0
0
0
0
0
0
0
0
0
0
0
0
0
0
0
0
0
0
0
0
0
0
0
0
0
0
0
0
0
0
0
0
0
0
0
0
0
0
3
5
2
0
5
7
0
2
0
0
0
0
0
0
2
0
5
3
0
0
0
0
0
0
0
0
0
0
0
0
0
0
0
0
0
0
0
0
0
3
0
0
0
0
0
0
0
0
0
0
0
0
0
0
0
0
0
0
0
0
0
0
0
0
0
0
0
0
0
0
0
0
0
0
0
0
0
0
0
0
0
0
0
0
0
0
0
0
11
8
7
4
0
0
5
2
0
0
0
8
0
0
0
0
0
5
0
0
0
0
0
0
0
0
0
0
0
0
0
0
0
0
6
0
0
0
2
0
0
6
13
5
5
35
16
0
0
0
0
0
0
11
2
0
0
0
13
2
12
0
0
0
0
0
0
0
0
0
0
0
0
0
2
0
8
3
0
0
0
0
0
0
0
8
0
0
0
10
2
5
5
10
4
3
7
0
0
0
0
3
14
16
2
4
0
0
3
3
2
0
3
0
0
0
5
2
5
0
3
0
0
0
0
0
0
2
5
0
0
0
0
0
0
0
0
0
0
0
0
0
0
0
0
0
0
0
0
4
4
4
0
0
8
0
6
2
11
14
0
0
2
4
0
0
0
0
0
0
0
0
0
0
0
3
8
2
0
0
0
0
0
2
11
0
0
0
0
0
0
0
0
0
0
0
0
0
0
0
0
0
0
0
0
0
0
0
3
6
0
5
5
3
2
0
0
0
0
0
0
6
4
6
0
5
8
17
9
4
5
10
5
5
0
0
0
0
0
0
0
0
0
0
0
0
0
0
0
0
0
0
0
0
0
6
0
0
6
7
0
0
0
0
0
0
0
0
0
0
0
0
0
0
0
0
0
0
0
0
7
12
5
5
0
0
0
0
0
0
0
5
2
0
0
0
0
0
0
0
0
0
0
0
0
0
0
0
0
0
0
0
0
0
0
0
0
0
0
0
0
0
0
5
0
2
5
6
12
10
18
27
2
0
9
0
0
0
0
0
0
0
0
0
0
5
3
0
0
0
3
0
0
3
0
0
0
0
0
0
0
0
0
0
0
0
0
0
0
0
0
0
0
0
0
0
0
0
0
0
0
0
0
0
0
0
0
0
0
0
0
0
0
0
0
0
0
6
11
2
4
18
0
0
2
3
0
0
0
0
0
0
0
0
0
0
0
0
0
0
0
0
0
0
0
0
0
0
0
0
0
0
0
0
0
0
0
0
0
0
0
0
0
0
0
0
0
0
0
0
0
0
0
0
0
0
0
0
0
0
9
16
9
0
0
3
2
0
5
6
0
0
0
0
0
0
0
0
0
2
0
0
0
0
0
2
5
8
8
11
11
0
10
13
9
15
6
11
22
32
12
6
11
11
7
11
4
3
6
22
5
9
6
4
8
8
16
8
2
6
6
10
11
5
0
5
14
7
10
2
6
8
5
5
19
3
14
7
11
9
3
0
0
5
10
12
2
14
19
7
10
10
11
6
3
14
0
2
2
8
7
5
0
3
0
0
0
0
0
0
0
0
2
2
0
20
5
9
8
7
16
7
5
15
2
5
4
7
0
0
0
0
3
0
0
0
0
2
0
13
13
5
6
8
2
6
2
6
0
9
4
0
0
0
10
7
3
4
7
4
0
2
0
0
0
3
0
0
0
0
0
0
0
0
0
2
16
13
3
0
0
4
8
0
7
3
10
5
0
0
0
16
10
11
2
6
0
0
0
0
0
0
0
0
0
0
0
0
0
0
0
0
0
0
0
0
0
0
11
2
3
11
0
19
0
0
7
5
3
3
7
7
0
0
0
0
0
0
0
3
12
14
9
0
2
2
2
0
0
0
0
0
0
0
0
6
2
3
0
2
0
0
0
0
0
0
5
0
3
0
0
0
0
0
0
0
11
0
3
0
0
0
0
5
15
3
2
6
0
0
0
0
0
0
0
0
29
12
