MyRun1CtM001C02   23 Aug 2016
5761
1
1352
21
12
8
7
11
16
0
16
18
13
9
2
0
0
0
0
2
38
10
2
9
16
4
6
17
11
18
11
6
0
8
0
13
0
0
9
5
16
9
0
6
15
0
0
3
0
0
0
0
3
5
3
3
5
0
10
2
0
0
2
14
0
0
3
0
2
0
5
0
0
6
5
7
0
0
0
3
4
0
0
3
4
2
2
0
0
0
0
0
0
0
0
3
5
0
0
0
0
0
7
6
17
5
5
2
2
0
0
0
0
0
0
2
8
4
2
2
2
0
2
0
0
0
4
2
0
0
0
16
11
3
7
18
5
7
4
0
15
20
2
0
5
0
0
3
0
12
0
0
0
5
10
21
7
0
0
0
5
2
0
0
0
0
0
5
0
0
0
0
0
0
3
2
13
14
4
0
6
3
9
20
7
9
10
3
14
8
2
6
2
5
5
12
8
8
18
0
0
3
10
5
12
0
0
18
11
3
2
0
0
0
2
27
8
22
5
14
6
3
5
0
13
11
5
15
3
14
0
16
15
5
0
11
12
10
0
2
7
0
22
7
10
12
7
2
3
0
3
0
0
5
15
9
7
16
6
18
17
7
10
12
11
8
8
7
5
2
2
12
5
8
17
12
7
3
0
14
2
23
10
34
0
19
12
14
7
7
19
13
2
0
18
0
8
11
5
2
3
15
9
0
0
28
13
0
9
15
13
2
11
8
6
6
7
10
6
0
11
12
5
10
8
4
3
15
5
4
14
6
4
14
6
10
10
2
5
13
14
2
8
13
6
12
8
2
10
3
11
2
9
2
4
5
6
7
7
9
12
2
0
5
9
3
0
0
7
8
3
9
0
2
5
13
0
9
10
21
2
0
3
4
0
0
0
0
0
16
11
9
9
3
7
4
4
5
0
3
10
0
2
0
0
0
2
11
2
0
0
0
0
0
0
0
0
0
13
11
7
5
0
0
0
0
0
0
0
0
0
0
0
0
0
0
0
0
0
0
0
3
3
20
5
2
25
5
13
2
0
0
0
0
0
0
0
0
14
0
9
2
3
0
0
0
0
15
4
2
0
0
8
13
2
0
3
0
0
0
0
0
0
2
0
0
0
29
2
2
0
0
0
0
0
0
2
12
3
5
9
0
0
0
0
0
0
0
0
21
2
12
14
0
0
0
3
0
0
0
0
0
0
0
0
0
0
0
0
0
0
0
0
0
0
0
0
0
0
0
0
0
0
0
0
0
0
0
0
0
0
0
0
0
0
0
0
0
0
0
0
0
0
0
0
0
0
0
16
8
0
9
13
2
0
0
2
6
17
0
6
8
0
0
23
2
0
0
0
0
0
0
0
0
0
0
0
0
0
0
0
0
0
0
0
0
0
0
0
0
0
0
0
0
0
0
0
0
0
0
0
0
0
0
0
0
0
0
0
0
0
0
0
0
0
0
0
0
0
0
0
0
0
0
0
0
0
0
0
0
0
0
0
0
0
0
0
0
0
0
0
0
0
0
0
0
0
0
0
0
0
0
0
0
0
0
0
0
0
0
0
0
0
0
0
0
0
0
0
0
0
0
0
0
0
0
0
0
0
6
0
0
0
0
0
0
0
0
0
0
0
0
0
0
0
0
0
0
0
0
0
0
0
0
0
0
0
0
0
0
0
0
4
9
0
0
0
0
0
2
0
0
0
0
0
0
0
0
0
0
0
0
0
0
0
0
0
0
0
0
0
0
0
0
0
2
0
0
0
0
0
0
0
0
0
0
0
0
0
0
0
0
0
0
0
0
0
0
0
0
0
0
0
0
0
0
0
0
0
0
0
0
0
0
0
5
2
0
0
5
8
0
0
0
0
0
0
0
0
0
0
0
0
0
0
0
0
0
0
0
0
0
0
0
0
0
0
0
2
0
0
0
0
0
0
17
2
17
0
0
0
0
2
8
0
3
7
0
2
0
0
7
0
0
2
0
0
5
6
0
0
9
0
9
5
5
0
12
11
8
3
6
7
7
5
0
0
0
0
0
0
0
0
0
0
0
0
0
2
0
0
0
0
5
8
2
16
2
7
0
0
0
0
0
0
0
0
3
2
11
22
7
2
2
3
7
2
5
2
0
0
0
0
0
0
0
0
0
0
0
0
0
0
0
0
0
0
0
0
0
0
0
0
0
0
0
0
0
0
0
0
0
0
0
0
0
0
0
0
0
0
0
0
0
0
0
0
0
0
0
0
0
0
0
0
0
0
0
0
0
0
0
0
0
0
0
0
0
0
0
0
