MyRun1CtM001C17   23 Aug 2016
5761
1
1352
13
3
6
9
11
0
0
2
21
0
0
0
0
0
0
0
0
0
0
0
0
0
0
0
0
0
0
0
0
0
0
0
0
0
0
0
0
0
0
0
0
0
0
0
0
0
2
0
0
0
0
0
0
0
0
0
0
0
0
0
0
0
0
0
0
0
0
0
0
0
0
0
0
0
0
0
0
0
0
6
0
0
0
7
2
5
2
8
5
2
0
0
3
5
0
0
0
0
0
0
0
0
0
0
0
0
0
0
0
0
0
0
0
0
0
0
0
0
0
0
0
0
0
0
0
0
0
0
0
0
0
0
0
0
0
0
0
0
0
0
0
3
15
20
9
14
5
0
2
14
4
10
14
14
8
3
10
2
0
0
11
13
0
0
4
11
11
3
12
12
8
2
6
3
5
6
5
0
0
5
9
14
13
19
0
2
5
12
10
6
2
0
7
11
6
12
7
2
0
5
23
0
0
2
8
0
2
3
9
2
9
10
0
0
0
7
0
11
10
3
3
11
0
5
13
8
16
3
15
2
2
2
0
0
0
0
3
5
13
6
2
0
2
13
14
0
0
0
0
0
5
14
0
2
0
5
0
5
0
0
8
7
8
16
3
8
0
0
2
0
0
3
0
14
9
5
11
15
0
3
2
0
2
8
2
4
3
0
0
0
0
0
7
9
2
2
0
2
0
6
16
13
7
3
3
8
6
7
3
0
0
10
3
2
0
3
2
0
0
10
0
3
0
8
0
0
0
0
0
0
0
2
3
0
0
5
3
0
2
0
2
0
5
10
18
2
2
0
0
0
2
0
0
0
2
3
0
0
0
0
0
0
0
0
0
0
0
0
0
0
0
0
0
0
0
0
0
0
0
0
0
0
0
0
0
0
0
0
0
0
0
0
0
0
0
0
0
0
0
0
0
0
0
0
0
0
0
0
0
0
0
0
0
0
0
0
0
0
0
0
0
0
0
0
0
0
0
0
0
0
0
0
0
0
0
0
0
0
0
0
3
0
0
0
0
0
0
0
0
0
0
0
0
0
0
0
0
0
0
0
3
9
0
5
4
7
3
0
0
2
12
2
5
11
0
0
0
0
0
0
0
0
0
0
0
0
0
0
0
0
0
0
0
0
0
0
0
0
0
0
0
0
0
0
0
0
0
0
0
0
0
0
0
0
0
0
0
0
0
0
0
0
0
0
0
0
0
0
0
0
0
0
0
0
0
0
0
0
0
0
0
0
0
0
0
0
0
0
0
0
0
0
0
0
0
0
0
0
0
0
0
0
0
0
0
0
0
0
0
0
0
0
0
0
0
0
0
3
3
0
0
2
6
2
7
11
0
5
2
2
0
2
0
12
6
2
3
0
0
0
0
0
0
0
0
0
0
0
0
0
0
0
0
0
0
0
0
0
0
0
0
0
0
0
0
0
0
0
0
0
0
0
0
0
0
2
8
2
0
2
0
0
3
0
0
0
0
0
0
0
0
0
0
3
0
0
0
0
0
0
0
0
0
0
0
0
0
0
0
0
0
0
0
0
0
0
2
3
0
0
24
5
0
0
0
3
13
3
8
7
10
2
0
0
2
0
0
0
0
0
0
0
0
0
0
0
0
0
0
0
0
0
0
0
0
0
0
0
0
0
0
0
0
0
0
0
0
0
0
0
0
0
0
0
0
0
0
0
0
0
0
0
0
0
0
0
0
0
0
7
5
0
4
4
7
3
0
3
11
0
0
5
0
3
0
3
0
3
4
0
0
8
10
2
5
0
0
10
2
9
2
0
0
0
2
14
5
0
0
3
0
2
0
2
3
2
3
2
3
5
9
0
0
0
0
0
2
12
0
2
2
2
0
0
0
0
5
2
3
2
9
5
4
5
0
2
7
0
3
10
5
9
5
5
2
3
3
0
3
3
0
0
9
0
5
2
3
5
6
3
0
3
6
0
11
3
5
5
10
7
6
8
6
0
0
0
6
7
4
12
5
0
0
0
0
0
5
0
0
0
11
0
0
0
0
5
3
3
0
0
0
3
2
12
0
0
0
0
0
0
0
0
0
0
7
3
4
0
0
0
6
0
0
0
0
0
0
0
0
0
0
0
0
0
0
0
0
0
0
0
0
0
0
0
0
0
0
0
9
0
0
0
0
0
0
0
0
0
3
0
2
0
0
0
0
0
0
0
0
0
0
0
0
0
0
0
0
3
0
0
0
0
0
0
0
0
0
3
0
0
0
0
0
2
0
0
5
15
8
0
0
0
0
0
0
0
0
0
