MyRun1CtM001C26   23 Aug 2016
5761
1
1352
22
5
12
9
2
0
3
0
11
5
0
9
7
0
6
5
2
0
4
2
0
14
0
4
3
0
7
0
3
5
0
0
0
0
0
0
0
0
0
0
0
0
0
0
0
0
0
0
0
0
0
0
0
0
0
0
0
0
0
0
0
0
0
0
0
0
0
0
0
0
0
0
0
0
0
0
0
0
0
0
0
0
0
0
0
0
0
0
0
0
0
0
0
0
0
0
0
0
0
0
0
0
0
0
0
0
0
0
6
4
0
4
0
0
0
0
0
0
0
7
2
0
12
3
11
0
3
0
0
0
0
0
0
0
0
0
0
0
0
0
0
0
7
2
0
0
2
0
7
2
0
0
0
8
12
0
3
16
17
4
0
5
18
0
2
0
5
0
8
5
13
2
11
12
9
8
2
4
0
0
5
5
15
9
6
2
7
0
3
13
2
3
8
14
11
2
0
0
6
7
2
7
0
0
0
0
0
0
3
6
12
0
11
2
16
2
0
14
4
0
14
31
9
2
2
0
5
0
0
12
5
2
3
4
3
2
9
23
0
11
10
4
4
6
13
5
4
5
9
7
14
3
8
2
7
0
4
5
23
14
0
21
9
6
2
11
18
0
16
17
3
10
4
4
0
2
0
10
6
2
2
0
0
4
6
6
7
0
5
7
5
7
5
6
2
5
2
12
10
2
4
0
20
3
0
14
3
20
12
11
7
2
4
2
11
8
6
2
6
2
2
11
7
3
2
6
2
9
4
0
20
9
5
29
2
0
0
9
0
3
5
2
3
25
2
15
2
3
4
0
0
6
12
2
3
2
2
0
3
8
5
0
0
2
0
0
0
0
0
0
0
0
0
2
0
0
0
0
0
0
0
0
0
0
0
0
0
0
4
0
0
3
0
0
0
0
2
0
0
0
0
0
0
0
0
0
0
0
0
0
0
0
0
0
0
0
0
0
0
0
0
0
0
0
0
0
0
0
0
0
0
0
0
0
0
0
0
0
0
0
0
0
0
0
0
0
0
0
0
0
0
0
0
0
0
0
0
0
0
0
0
0
0
0
0
0
0
0
0
0
0
0
0
0
0
0
0
0
0
0
0
0
0
0
0
0
0
0
0
0
0
0
0
0
0
0
0
0
0
0
0
0
0
0
0
0
0
0
0
0
0
0
0
0
0
0
0
0
0
0
0
0
0
0
0
0
0
0
0
0
0
0
0
0
0
0
0
0
0
0
0
0
0
0
0
0
0
0
0
0
0
0
0
0
0
0
0
0
0
0
0
0
0
0
0
0
0
0
0
0
0
0
0
0
0
0
0
0
0
0
0
0
0
0
0
0
0
0
0
0
0
0
0
0
0
0
0
0
0
0
0
0
0
0
0
0
13
0
0
0
0
0
0
0
0
0
0
0
0
0
0
0
0
0
0
0
0
0
0
0
0
0
0
0
0
0
0
0
0
0
0
0
0
0
0
0
0
0
0
2
0
0
0
0
0
0
0
0
0
0
0
0
0
0
0
0
0
0
0
0
0
0
0
0
0
0
0
0
0
0
0
0
0
0
0
0
0
0
0
0
0
0
0
0
0
0
0
0
0
0
0
0
0
0
0
0
0
0
0
0
0
0
0
0
0
0
0
0
0
0
0
0
0
0
0
0
0
0
0
0
0
0
0
0
0
0
0
0
0
0
0
0
0
0
0
0
0
0
0
0
0
0
0
0
0
0
0
0
0
0
0
0
0
0
0
0
0
0
0
0
0
0
0
0
0
0
0
0
0
0
0
0
0
0
0
0
0
0
0
0
0
0
0
0
0
0
0
14
0
7
7
0
3
5
5
3
5
7
0
2
2
12
6
2
0
2
6
0
0
2
2
3
4
3
5
8
0
23
8
3
0
0
0
0
0
0
0
0
0
0
0
0
0
0
0
0
0
0
0
0
0
0
0
0
0
0
3
0
5
5
4
2
2
3
2
0
11
6
13
4
2
0
7
10
3
5
3
0
2
2
17
2
5
6
3
2
0
9
4
2
0
4
0
4
4
3
0
6
2
2
0
3
0
0
0
2
2
5
2
3
0
0
0
0
0
0
0
0
0
0
0
0
10
5
4
3
2
2
2
9
15
5
9
2
0
5
2
0
0
0
2
0
2
2
0
5
0
0
2
0
3
0
0
10
8
2
2
3
10
5
3
5
12
5
2
13
0
4
0
0
6
0
5
4
7
5
0
0
3
8
4
0
0
8
4
2
2
6
5
6
9
4
2
0
0
0
0
5
