MyRun1CtM001C28   23 Aug 2016
5761
1
1352
14
11
6
0
0
3
0
0
3
6
2
2
0
5
2
0
0
2
0
3
0
0
0
0
5
2
0
0
0
2
0
0
5
0
9
3
4
0
2
3
0
0
0
0
0
0
0
0
0
0
0
0
0
0
0
0
0
0
0
0
0
0
0
0
0
0
0
0
0
0
0
0
0
0
0
0
0
0
0
0
0
0
0
0
0
0
0
0
0
0
0
0
0
0
0
0
0
0
0
0
0
0
0
0
0
0
0
0
0
0
0
0
0
0
0
0
0
0
0
0
0
0
0
0
0
0
0
0
0
0
0
0
0
0
6
7
3
9
2
2
0
0
2
6
0
13
2
5
0
2
5
0
0
3
5
0
0
0
0
0
0
4
3
0
0
3
0
2
0
5
4
3
2
15
4
0
2
0
3
0
3
3
2
0
0
0
6
4
2
0
3
2
2
6
0
0
0
0
2
18
0
3
2
5
3
0
5
0
2
0
2
3
0
5
2
9
15
3
2
0
0
4
0
3
0
0
0
2
9
5
20
2
5
5
2
8
0
0
0
0
3
2
2
7
6
0
2
2
3
0
13
12
0
2
0
0
3
0
16
19
28
9
17
9
14
0
2
0
2
3
7
0
0
0
5
5
0
3
5
0
2
0
5
2
6
8
2
7
0
2
3
2
2
3
11
0
0
9
6
3
0
0
6
4
6
0
3
3
2
0
0
5
2
8
0
0
0
0
0
0
6
2
0
0
0
2
3
2
0
12
21
3
0
3
0
2
13
0
8
5
0
2
0
2
0
2
0
13
0
0
3
0
0
0
3
0
2
17
20
16
2
0
2
11
32
5
0
0
0
2
0
5
3
8
0
2
0
3
0
2
0
0
0
0
0
3
5
4
12
5
0
0
0
11
2
3
0
2
0
0
21
12
4
8
0
3
0
5
0
5
0
0
0
0
2
0
0
0
0
0
0
0
0
3
2
0
0
0
0
0
3
0
0
0
0
0
0
0
0
0
0
0
0
0
0
0
0
0
0
0
0
0
0
0
0
0
0
0
0
0
0
0
0
0
0
0
0
0
0
0
0
0
0
0
0
0
0
0
0
0
0
0
0
0
0
0
0
0
0
0
0
0
0
0
0
0
2
3
0
0
0
0
9
7
2
0
0
3
0
0
0
0
0
0
0
0
0
0
0
0
0
0
0
0
0
0
0
0
0
0
0
0
0
0
0
0
0
0
0
0
0
0
0
0
0
0
0
0
0
0
0
0
0
0
0
0
0
0
0
0
0
0
0
0
0
0
0
0
0
0
0
0
0
0
0
0
0
0
0
0
0
0
0
0
0
0
0
0
0
0
0
0
0
0
0
0
0
0
0
0
0
0
0
0
0
0
0
0
0
0
0
0
0
0
0
0
0
0
0
0
0
0
0
0
0
0
0
0
0
0
0
0
6
0
0
2
0
0
2
0
3
0
0
0
0
0
0
0
2
0
0
0
0
0
0
0
0
0
0
0
0
0
0
0
0
0
0
0
0
0
0
0
0
0
0
0
0
0
0
0
0
0
0
0
0
0
0
0
0
0
0
0
0
0
0
0
0
0
0
0
0
0
0
0
0
0
0
0
0
0
0
0
0
0
0
0
0
0
0
0
0
0
0
3
0
0
0
0
0
0
0
0
0
0
0
0
0
0
0
0
0
0
0
0
0
0
0
0
0
0
0
0
0
0
0
0
0
0
0
0
0
0
0
0
0
0
0
0
0
0
0
0
0
0
0
4
2
6
5
2
12
11
0
0
0
0
0
0
0
3
3
0
0
6
5
3
2
3
3
3
0
0
2
5
5
4
0
0
5
2
7
5
0
5
2
0
6
0
3
3
0
0
0
0
0
5
0
0
4
2
0
0
0
3
0
3
0
0
3
0
3
2
2
0
0
0
4
2
5
0
3
4
9
5
3
6
0
2
0
2
2
3
2
2
19
0
0
0
0
2
7
8
0
21
2
0
5
2
2
0
2
3
2
4
6
8
0
3
0
13
5
5
0
0
2
0
7
0
0
2
2
5
0
2
3
2
5
0
0
2
0
0
0
0
2
0
0
0
6
3
3
0
5
3
0
3
5
2
0
2
0
2
0
0
0
0
0
2
3
3
2
2
0
2
5
3
3
0
0
0
0
0
4
0
0
0
0
3
3
0
7
0
2
2
3
0
0
5
0
5
3
5
3
0
2
2
0
2
0
0
3
2
4
0
3
0
0
0
3
0
0
0
0
0
0
0
0
0
