MyRun1CtM001C04   23 Aug 2016
5761
1
1352
15
0
5
6
14
3
3
5
13
3
0
0
4
0
3
2
0
15
2
0
2
2
5
0
0
2
5
0
4
3
2
2
0
2
10
3
7
2
8
6
9
0
3
0
2
0
0
0
0
0
0
0
0
0
0
0
0
0
0
0
0
0
0
0
0
0
0
0
0
0
0
0
0
0
0
0
0
0
0
0
0
0
0
0
0
0
0
0
0
0
0
0
0
0
0
0
0
2
3
9
11
4
3
0
2
0
3
0
2
3
3
0
3
0
0
2
0
0
0
0
2
0
2
8
2
9
2
3
0
0
0
3
5
0
6
0
8
3
3
7
2
8
0
2
4
0
5
3
0
5
7
3
0
0
0
3
3
2
3
0
4
3
6
0
8
5
0
6
8
4
0
2
2
0
0
5
14
3
0
0
5
4
5
7
5
2
5
5
7
6
4
0
0
0
2
8
5
0
0
0
3
4
3
3
11
0
6
2
5
0
3
2
0
3
3
5
0
2
3
0
0
0
2
0
0
0
6
5
6
0
4
10
0
2
2
4
0
0
3
3
2
9
0
2
2
2
0
3
8
5
11
0
6
3
2
5
0
0
0
0
2
3
4
3
3
3
3
3
0
0
3
4
2
2
21
3
3
0
0
6
0
3
5
3
2
2
3
9
6
0
3
5
7
3
7
3
2
3
7
6
10
3
0
0
8
0
0
3
3
3
3
0
2
3
2
3
2
2
5
11
3
0
0
0
8
6
0
0
0
0
0
0
0
0
0
0
0
3
5
0
7
14
2
0
5
3
3
5
3
5
2
7
2
5
0
0
0
0
0
0
0
0
0
0
0
0
0
0
0
0
0
0
0
0
0
0
0
0
0
0
0
0
0
0
0
0
0
0
0
0
0
0
0
0
0
0
0
0
0
0
0
0
0
0
0
0
0
0
0
0
0
0
0
0
0
0
0
0
0
0
0
0
0
0
0
0
0
0
0
0
0
0
0
0
0
0
0
0
0
0
0
0
0
0
0
0
0
0
0
0
0
0
0
0
0
0
0
0
0
0
0
0
0
0
0
0
0
0
0
0
0
0
0
0
0
0
0
0
0
0
0
0
0
0
0
0
0
0
0
0
0
0
0
0
0
0
0
0
0
0
0
0
0
0
0
0
3
0
0
3
4
0
14
7
2
3
4
2
0
0
0
0
0
0
0
5
0
0
0
0
0
0
0
0
0
0
0
0
0
0
0
0
0
0
0
0
0
0
0
0
0
0
0
0
0
0
0
0
0
0
0
0
0
0
0
0
0
0
0
0
0
0
0
0
0
0
0
0
0
0
0
0
0
0
0
0
0
0
0
0
0
0
0
0
0
0
0
0
0
0
0
0
0
0
0
0
0
0
0
0
0
0
0
0
0
0
0
0
0
0
0
0
0
0
0
0
0
0
0
0
0
0
0
0
0
0
0
0
0
0
0
0
0
0
0
0
0
0
0
0
0
0
0
0
0
0
0
0
0
0
0
0
0
0
0
0
0
0
0
0
0
0
0
0
0
0
0
0
0
0
0
0
8
0
0
0
0
0
0
3
0
0
0
2
0
0
3
2
0
11
0
0
0
2
0
0
0
3
0
0
0
3
2
3
0
0
0
0
0
0
0
0
0
0
0
0
0
0
0
0
0
0
0
0
0
0
0
0
0
0
0
0
0
0
0
0
0
0
0
0
0
0
0
0
0
0
0
0
0
0
0
0
0
0
0
0
0
0
0
0
0
0
0
0
0
0
0
0
0
0
0
0
0
0
0
0
0
0
0
0
0
0
0
0
0
0
0
0
0
0
0
0
0
0
0
0
0
0
0
0
0
0
0
0
0
0
0
0
0
0
0
0
0
0
0
0
0
0
0
0
0
0
0
0
0
0
0
0
0
0
0
0
0
0
0
0
0
0
0
0
0
0
0
0
0
0
0
0
0
0
0
0
0
0
4
0
0
0
0
2
8
6
2
2
0
5
7
0
8
4
2
3
5
3
3
2
2
3
2
11
5
0
5
6
5
2
0
0
0
0
0
0
0
0
0
0
0
0
0
0
0
0
0
0
3
0
0
0
0
0
0
0
0
0
0
0
0
0
0
0
0
0
0
0
0
0
0
0
0
0
0
0
0
0
0
0
0
0
0
0
0
0
0
0
0
0
0
0
0
0
0
0
0
3
12
2
0
3
8
3
6
2
4
0
3
4
3
0
3
3
6
0
0
0
5
3
0
0
0
0
0
0
0
0
0
0
2
0
