MyRun1CtM001C06   23 Aug 2016
5761
1
1352
29
6
2
0
7
9
12
5
0
0
0
0
3
6
3
0
0
0
0
0
0
0
0
0
0
0
0
4
7
0
0
0
0
0
0
0
0
0
0
0
0
0
0
0
0
0
0
0
0
0
0
0
0
0
0
0
0
0
0
0
0
0
0
0
0
0
0
0
0
0
0
0
0
0
0
0
0
0
0
0
0
0
0
0
0
0
0
0
0
0
0
0
0
0
0
0
0
7
15
5
4
0
0
0
2
4
12
2
0
2
2
3
3
2
2
0
14
8
0
3
0
0
0
0
0
0
0
0
0
0
5
4
9
3
6
8
6
0
3
5
5
3
5
2
0
0
4
2
2
2
0
0
0
0
0
0
0
0
5
0
2
0
0
0
22
8
0
3
0
0
0
0
3
14
0
0
5
5
0
0
2
0
0
0
6
0
0
0
0
0
0
2
2
0
0
0
0
0
0
0
0
0
0
0
0
0
0
0
0
0
0
0
0
0
0
0
0
0
0
0
0
0
0
0
0
0
0
0
0
0
0
0
0
0
0
0
0
0
0
0
0
0
0
0
0
0
0
0
0
0
0
0
0
0
0
0
0
0
0
0
0
0
0
0
0
3
0
0
2
0
2
0
0
0
0
0
0
0
2
19
5
4
0
0
0
0
0
0
0
0
0
0
0
0
0
0
0
0
0
0
0
0
0
0
0
0
0
0
0
0
0
0
0
0
0
0
0
0
0
0
0
0
0
0
0
0
0
0
0
0
0
0
0
0
0
0
0
0
0
0
0
0
0
0
0
0
0
0
0
0
0
0
0
0
0
0
0
0
0
0
0
0
0
0
0
0
0
0
0
0
0
0
0
0
0
0
0
0
0
0
0
0
0
0
0
0
0
0
0
0
0
0
0
0
0
0
0
0
0
0
0
0
0
0
0
0
0
0
0
0
0
0
0
0
0
0
0
0
0
0
0
0
0
0
0
0
0
0
0
0
0
0
0
0
0
0
0
0
0
0
0
0
0
0
0
0
0
0
0
0
0
0
0
0
0
0
0
0
0
0
0
0
0
0
0
0
0
0
0
0
0
0
0
0
0
0
0
0
0
0
0
0
0
0
0
0
0
0
0
0
0
0
0
0
0
0
0
0
0
0
0
0
2
0
2
3
13
7
2
2
3
9
0
5
2
0
0
0
0
2
0
2
2
22
12
3
0
0
4
0
0
0
0
0
0
0
0
0
3
13
6
5
6
3
4
8
3
15
2
0
0
7
0
4
0
2
0
0
2
10
0
3
0
0
0
0
0
0
0
0
0
0
0
0
0
0
0
0
0
0
0
0
0
0
0
0
0
0
0
0
0
0
0
0
0
0
0
0
0
0
0
0
0
0
0
0
0
0
0
0
0
0
0
0
0
0
0
0
0
0
0
0
0
0
0
0
0
0
0
4
2
3
7
0
0
0
0
0
0
0
0
0
0
0
0
0
0
0
0
0
0
0
0
0
0
0
0
0
0
0
0
0
0
0
0
0
0
0
0
0
0
0
0
0
0
0
0
0
0
0
0
0
0
0
0
0
0
0
0
0
0
0
0
0
0
0
0
3
0
0
0
0
0
0
0
0
0
0
0
0
0
0
0
0
0
0
0
0
0
0
0
0
0
0
0
0
0
0
0
0
0
0
0
3
0
3
3
12
2
2
13
4
0
2
2
0
3
18
5
8
3
2
0
0
0
0
0
0
0
0
0
0
0
0
0
0
0
0
0
0
0
0
0
0
0
0
0
0
0
8
3
2
0
0
0
0
13
0
2
0
0
0
0
0
0
0
0
0
0
0
0
0
0
0
0
0
0
0
0
0
0
0
0
5
3
3
2
0
2
3
5
2
9
5
0
0
2
7
0
7
2
4
3
5
5
0
7
2
5
2
8
0
0
0
0
0
0
0
0
0
0
0
0
0
0
0
0
0
3
0
0
3
2
2
0
0
0
0
0
4
0
0
0
8
0
5
3
2
8
11
5
0
5
6
2
0
0
0
3
0
0
0
3
0
0
0
0
0
0
0
0
0
0
0
0
0
5
2
11
4
6
6
13
3
8
2
0
0
2
5
8
3
0
3
6
8
0
0
5
3
3
3
0
12
5
3
2
0
2
7
5
3
2
5
0
3
0
2
3
9
3
8
0
2
0
0
6
6
3
0
0
4
8
9
0
0
2
0
0
2
3
7
5
0
3
2
5
3
2
0
0
3
0
0
0
0
0
0
0
2
0
3
10
4
0
7
0
2
