MyRun1CtM001C23   23 Aug 2016
5761
1
1352
24
0
0
0
0
0
0
0
0
2
0
0
0
0
0
0
0
0
0
0
0
0
0
0
6
0
0
0
13
17
2
0
0
0
0
5
11
0
0
20
20
10
0
0
7
0
6
7
0
0
3
19
6
0
0
0
2
0
0
5
8
2
11
2
7
6
0
0
0
0
0
2
9
7
0
0
0
8
4
5
9
2
0
0
5
2
0
0
0
2
6
2
0
0
0
0
0
0
0
0
0
0
0
8
0
0
6
9
29
0
0
0
2
0
0
0
0
0
2
13
20
2
0
0
0
0
0
22
8
3
17
0
2
0
3
0
2
0
0
0
0
0
0
0
0
0
0
0
0
0
0
0
0
0
0
0
0
0
3
8
5
6
8
9
3
0
0
9
2
5
0
0
0
2
2
2
15
17
10
2
0
6
7
0
0
0
6
0
0
8
0
0
0
5
0
6
0
0
0
0
0
0
0
0
6
4
0
0
0
0
5
3
3
0
0
0
0
2
0
6
0
0
2
7
18
0
0
0
3
2
11
3
4
0
0
0
0
0
2
2
3
13
3
7
2
2
0
14
10
2
2
3
0
0
2
3
6
2
0
0
0
2
0
0
2
5
0
0
0
0
0
0
0
0
0
0
0
0
0
0
0
0
0
0
0
0
0
0
0
0
0
0
0
0
0
0
0
0
0
0
0
0
0
0
0
0
0
0
0
0
0
0
0
0
0
0
0
0
0
0
0
0
0
0
0
0
0
0
0
0
0
0
0
0
0
0
0
0
0
0
0
0
0
0
0
0
0
0
0
0
0
0
0
0
0
0
0
0
0
0
0
0
0
0
0
0
0
0
0
0
0
0
0
0
0
0
0
0
0
0
0
0
0
0
0
0
0
0
0
0
0
0
0
0
0
0
0
0
0
0
0
0
0
0
0
0
0
0
0
0
0
0
0
0
0
0
0
0
0
0
0
0
0
0
0
0
0
0
0
0
0
0
0
0
0
0
0
0
0
0
0
0
0
0
0
0
0
0
0
0
0
0
0
0
0
0
0
0
0
0
0
0
0
0
0
0
0
0
0
0
0
0
0
0
0
0
0
0
0
2
0
0
0
0
5
11
0
5
2
21
4
0
3
0
5
0
2
9
0
0
0
0
0
0
2
0
7
0
0
0
5
10
0
0
3
11
5
13
0
2
2
0
2
0
8
18
3
3
0
8
0
0
0
2
3
0
0
0
0
0
0
0
3
0
6
0
3
0
0
0
0
9
0
0
2
0
3
0
2
2
0
0
3
0
5
5
3
3
3
0
0
0
0
0
0
0
0
0
0
0
0
0
2
2
2
0
0
0
0
0
0
0
0
0
0
0
0
0
0
0
0
0
0
2
3
3
0
0
0
0
0
0
0
0
0
0
0
0
0
0
3
0
0
0
0
0
0
0
0
0
0
0
0
0
0
2
3
0
0
0
0
0
0
0
2
0
2
0
0
0
0
0
0
0
0
2
0
0
2
0
5
0
0
0
0
0
0
0
0
0
8
8
6
11
5
3
0
0
0
0
0
0
0
0
0
0
0
2
0
0
0
0
0
0
0
0
0
2
0
0
0
0
0
0
0
0
0
0
0
0
0
0
0
0
0
0
0
0
0
0
0
0
0
0
0
0
0
0
0
0
0
0
0
0
0
0
0
0
0
0
0
0
0
0
0
0
0
0
0
0
0
0
0
0
0
0
0
0
0
0
0
0
0
0
0
0
0
0
0
0
0
0
0
0
0
0
0
0
0
0
0
0
0
0
0
0
0
0
0
0
0
0
0
0
0
0
0
0
0
0
0
0
0
0
0
0
2
11
2
2
0
2
0
5
2
0
2
3
2
0
0
4
6
0
0
0
0
0
0
2
2
0
0
0
0
0
0
0
0
0
0
0
0
0
0
0
0
0
0
0
0
0
0
0
0
0
0
0
8
14
0
0
0
2
0
0
0
3
0
0
0
0
0
0
0
0
0
0
0
0
0
0
0
0
0
0
0
0
0
0
0
0
0
0
0
0
0
0
0
0
0
0
0
0
0
0
0
0
0
0
0
0
0
0
0
0
0
0
0
0
0
0
0
0
0
0
0
0
0
0
0
0
0
0
0
0
0
0
0
0
0
0
0
0
0
0
0
0
0
0
0
0
0
0
0
0
0
0
0
0
0
0
0
0
0
0
0
0
0
0
0
0
0
0
0
0
0
0
0
0
0
0
0
0
0
0
0
0
0
0
0
0
0
0
0
0
0
0
