MyRun1CtM001C27   23 Aug 2016
5761
1
1352
14
0
0
2
0
3
0
0
0
0
0
2
0
0
0
0
0
0
0
0
0
0
0
0
0
0
0
0
0
0
0
0
0
0
0
0
0
0
0
0
0
0
0
0
0
0
0
0
0
0
0
0
0
0
0
0
0
0
0
0
0
0
0
0
0
0
0
0
0
0
0
0
0
0
0
0
0
0
0
0
0
0
0
0
0
0
0
0
0
0
0
0
0
0
0
0
0
0
0
0
0
0
0
0
0
0
0
0
0
0
0
0
0
0
0
0
2
0
0
0
17
0
0
0
0
0
0
0
0
0
0
0
0
0
0
0
0
0
0
0
0
0
0
0
0
0
0
0
0
0
0
0
0
0
0
0
0
0
3
0
0
0
0
0
0
4
0
0
0
2
5
2
2
0
0
0
2
4
5
0
8
3
0
2
19
2
0
3
0
8
5
4
0
0
0
3
2
0
2
5
0
0
2
0
2
4
3
0
0
0
0
2
5
2
3
0
0
0
5
0
3
2
0
5
2
7
5
0
2
0
0
2
8
2
7
3
2
2
6
0
0
0
5
5
0
5
0
0
0
6
8
0
12
5
0
2
2
0
9
22
6
0
9
2
2
2
12
4
0
0
0
0
8
4
0
0
7
0
2
0
0
6
0
0
0
0
5
6
2
5
9
5
3
13
2
4
7
5
2
3
3
0
4
11
2
0
18
2
2
5
2
3
2
2
2
6
6
2
3
0
2
2
8
8
0
0
0
6
7
3
3
12
3
5
0
5
0
0
0
6
3
5
3
6
2
0
5
0
2
5
5
5
2
0
7
2
4
2
0
0
2
2
0
0
3
0
8
2
0
0
3
2
2
4
6
4
2
0
0
0
2
0
8
0
0
0
0
3
0
2
0
6
0
6
0
0
2
0
0
3
7
5
2
4
0
0
0
0
0
2
0
0
0
0
0
0
3
0
0
0
9
0
0
0
4
2
5
3
0
0
15
0
4
5
0
3
0
0
0
0
0
0
0
0
0
0
0
0
0
0
0
0
0
0
0
0
0
0
0
0
0
0
0
0
0
0
0
0
0
0
0
0
0
0
0
0
2
0
0
0
0
0
0
0
0
0
0
0
0
0
0
0
0
0
0
0
0
0
0
0
0
0
0
0
0
0
0
0
0
0
0
0
0
0
0
0
0
0
0
0
0
0
0
0
0
0
0
0
0
0
0
0
0
0
0
0
0
0
0
0
0
0
0
0
0
0
0
0
0
0
0
0
0
0
0
0
0
0
0
0
0
0
0
0
0
0
0
0
0
0
0
0
0
0
0
0
0
0
0
0
0
0
0
0
0
0
0
0
0
0
0
0
0
0
0
0
0
0
0
0
0
0
0
0
0
0
0
0
0
0
0
0
0
0
0
0
0
0
0
0
0
0
0
0
0
0
0
0
0
0
0
0
0
0
13
4
0
6
2
0
0
0
0
0
0
0
0
0
0
0
0
0
0
2
2
5
2
2
0
0
0
0
0
0
0
3
5
2
0
0
0
0
0
0
0
0
0
0
0
0
0
0
0
0
0
0
0
0
0
0
0
0
0
0
2
0
0
0
0
0
0
0
0
0
0
0
0
0
0
0
0
0
0
0
0
0
0
0
0
0
0
0
0
0
0
0
0
0
0
0
0
0
0
0
0
0
0
0
0
0
0
0
0
0
0
0
0
0
0
0
0
0
0
0
0
0
0
0
0
0
0
0
0
0
0
0
2
0
0
0
0
0
0
0
0
0
0
0
0
0
0
0
0
3
0
2
0
2
0
3
0
0
3
0
3
0
2
0
0
0
0
0
9
0
5
3
3
2
7
2
0
0
0
2
2
0
0
0
0
0
0
0
0
0
0
0
0
0
0
0
0
0
0
0
0
0
0
3
0
2
0
0
0
2
0
2
9
4
0
0
0
0
0
0
6
3
3
0
0
0
0
4
2
3
0
0
4
0
0
0
0
0
0
2
0
0
0
0
0
0
0
0
0
0
0
0
0
0
0
0
0
2
0
0
0
0
2
0
0
0
6
5
0
0
4
0
3
0
2
2
2
0
0
2
2
3
3
0
0
2
2
0
0
0
5
2
0
5
0
0
0
0
0
0
2
3
0
0
3
4
0
0
3
2
2
0
0
6
0
3
0
0
0
2
0
0
0
0
0
2
0
2
3
2
0
2
0
2
0
0
9
3
4
2
2
2
0
2
3
0
0
5
0
0
3
5
0
3
0
0
3
0
5
0
4
0
2
0
