MyRun30CtM010C03   23 Aug 2016
145
30
1400
50
26
5
15
406
134
70
16
141
665
403
395
601
106
69
0
4
2
24
8
2
10
0
39
113
150
160
288
52
35
225
130
162
111
191
418
558
116
3
7
0
8
89
3
5
12
5
5
28
287
405
80
196
57
140
0
42
209
95
889
619
327
18
0
0
98
70
3
6
20
2
30
6
668
222
205
777
525
360
0
96
513
171
380
756
291
0
34
46
68
24
3
58
0
8
9
15
279
359
724
259
144
1266
301
500
30
322
302
454
251
47
34
27
30
5
38
15
9
194
2
98
0
359
131
225
39
172
242
26
138
180
1133
880
178
24
51
45
32
5
22
13
26
0
43
37
