MyRun1CtM010C03   23 Aug 2016
4321
1
1400
3
2
5
0
2
6
0
0
0
0
0
0
0
0
0
0
0
0
0
0
0
0
0
3
2
3
3
0
0
0
0
0
0
0
0
0
0
0
0
0
0
0
0
0
0
2
0
0
0
0
0
0
0
0
0
0
0
0
3
0
0
0
0
0
0
5
0
0
0
2
5
0
0
0
0
3
0
0
0
0
0
0
0
0
0
0
0
0
0
0
0
0
2
0
0
0
0
0
0
8
17
0
25
48
39
0
0
0
0
0
0
5
54
12
32
5
43
55
53
8
0
0
0
0
0
0
0
0
0
2
6
0
16
21
38
7
0
0
6
35
0
0
0
0
0
0
0
3
0
0
0
2
2
10
26
17
0
0
0
0
0
0
0
0
6
0
0
0
2
0
0
2
0
0
0
3
0
0
0
0
0
0
3
5
0
8
0
0
0
0
0
0
0
0
0
0
0
0
0
0
0
0
0
0
0
0
0
0
0
0
0
0
0
0
0
0
0
0
0
0
3
0
0
0
0
0
0
0
0
0
0
0
0
0
0
2
22
0
21
31
62
44
5
26
52
82
46
63
30
12
11
5
36
2
0
0
18
34
28
27
56
37
48
3
0
0
0
0
0
0
0
0
0
2
0
0
0
4
8
27
20
12
9
19
20
24
56
21
0
0
0
0
11
41
18
37
4
9
18
43
0
3
2
0
0
0
0
0
4
9
19
58
36
68
51
14
0
0
33
12
9
7
22
36
0
0
0
0
0
0
12
56
17
16
11
6
0
31
32
15
5
6
55
42
5
15
21
7
13
30
33
11
11
19
4
31
49
19
18
13
10
36
4
8
0
0
0
0
0
0
0
0
0
0
0
0
0
0
0
0
0
0
0
0
0
0
0
20
10
21
7
11
8
5
6
7
13
8
5
3
0
0
0
0
0
0
0
0
3
0
0
0
0
0
0
0
0
0
0
0
0
0
0
0
0
0
0
0
0
0
0
0
0
0
0
0
0
0
0
0
0
0
0
0
0
0
0
0
0
0
0
2
0
0
0
0
0
0
2
0
0
0
0
0
0
0
0
0
0
0
0
0
0
0
0
0
0
0
0
0
0
0
0
0
0
0
0
0
0
0
0
0
0
2
0
0
0
0
0
0
0
0
0
0
0
0
0
0
0
0
0
7
4
0
0
0
0
0
0
0
0
0
0
0
0
0
0
8
0
0
0
0
0
0
0
0
0
0
0
5
0
0
0
0
0
0
0
0
0
0
0
0
0
0
2
6
0
0
0
0
0
0
0
0
0
0
0
0
0
0
0
0
0
0
0
0
0
0
0
0
0
0
0
0
0
0
0
0
0
0
0
0
0
0
0
0
0
0
0
2
0
0
0
0
0
0
0
3
0
0
0
0
0
0
0
0
0
0
0
0
0
0
0
0
0
0
0
5
0
0
2
0
0
0
0
0
0
0
0
0
0
0
0
0
0
0
0
0
0
0
0
0
0
0
0
0
0
0
0
0
0
0
0
2
6
0
0
0
0
0
0
0
0
0
0
0
0
0
0
0
0
0
0
5
0
0
0
0
0
2
24
39
27
7
17
23
0
0
0
0
0
0
0
0
0
0
0
0
0
0
0
0
0
0
0
0
0
0
0
0
0
0
24
37
18
38
33
0
0
0
0
0
0
0
0
0
0
0
0
0
0
0
0
0
0
0
0
0
0
0
0
0
0
0
0
0
0
0
15
48
13
18
60
6
0
0
0
0
0
0
0
0
0
0
0
0
0
0
0
0
0
0
0
30
52
53
3
30
34
7
0
0
2
18
0
4
0
0
0
3
2
0
7
20
23
0
0
0
0
0
0
0
0
0
3
0
0
2
0
0
0
0
0
0
0
0
0
0
0
0
15
15
3
0
0
0
0
6
8
0
0
5
2
0
4
0
3
0
0
0
0
5
0
16
0
0
0
0
0
0
0
0
0
0
0
0
0
0
0
0
0
0
0
0
0
0
0
0
0
0
0
0
0
0
0
0
0
0
0
0
0
0
17
14
51
4
8
35
32
54
10
3
0
0
0
0
0
0
0
0
0
0
0
0
2
0
48
48
10
5
0
12
2
0
0
0
0
0
0
0
0
0
7
3
0
0
0
14
19
35
20
12
28
17
5
2
0
0
0
0
0
0
0
0
0
0
0
0
0
0
0
0
0
0
0
0
0
0
0
0
4
0
0
0
0
0
0
0
0
0
9
13
20
35
0
0
30
0
0
0
0
0
0
0
0
0
0
0
0
0
0
0
0
0
5
35
24
10
13
0
0
0
0
0
0
0
2
39
45
5
13
21
7
6
0
26
15
35
22
5
7
8
19
0
0
0
0
11
26
18
10
34
3
53
32
35
14
9
2
0
0
0
0
0
0
0
6
50
13
35
43
19
18
23
9
24
12
0
0
0
0
89
12
38
39
27
3
36
40
6
16
38
3
0
0
3
0
0
0
0
0
0
3
0
0
17
3
21
0
22
6
0
0
0
0
0
0
0
0
0
0
3
0
0
0
0
0
0
0
0
0
0
0
0
0
0
0
0
0
0
0
0
0
0
0
0
0
0
0
0
0
0
0
0
0
0
0
0
0
0
0
0
0
2
0
0
0
0
0
0
0
0
0
0
0
0
0
5
0
0
0
0
0
0
0
0
0
0
0
0
0
0
0
0
0
0
0
0
0
0
0
0
0
0
0
0
0
0
0
0
0
0
0
0
0
0
0
0
0
0
0
0
0
0
0
0
0
0
0
0
2
3
0
0
0
0
0
3
0
0
0
0
0
0
0
0
0
0
0
0
0
0
0
0
0
0
0
0
30
21
33
0
5
0
0
0
0
0
0
0
0
0
0
0
0
0
0
0
0
0
3
0
0
0
0
0
0
0
0
0
0
0
0
0
0
0
0
0
0
0
0
0
0
0
0
3
0
0
0
0
0
0
0
0
2
0
0
0
0
0
0
0
0
0
0
0
0
0
0
0
0
0
3
0
3
2
0
0
0
2
0
0
0
0
0
0
0
0
0
2
0
0
0
0
0
0
0
0
0
0
0
0
0
0
0
0
0
0
0
0
0
0
0
5
0
0
0
0
0
0
0
0
0
0
0
0
0
0
0
0
0
0
0
0
0
0
0
0
0
0
0
0
0
0
0
0
0
0
0
0
0
0
3
2
0
0
0
0
0
0
0
0
0
0
0
0
0
0
0
0
0
0
0
2
0
0
0
0
0
0
0
0
0
0
0
2
2
16
3
3
0
0
0
28
56
42
30
56
53
10
12
0
0
0
0
0
0
0
0
0
0
0
0
0
0
0
0
0
0
0
0
0
0
0
0
0
0
0
0
21
41
44
50
9
72
57
7
5
45
10
44
0
0
0
0
0
0
0
0
0
0
0
0
0
0
0
0
0
0
0
5
25
14
0
0
21
13
0
0
0
0
0
0
0
0
0
0
2
0
0
0
0
0
0
0
0
6
25
9
5
3
21
34
61
10
22
0
0
0
0
0
0
0
0
0
0
0
0
0
0
0
0
0
0
0
0
0
0
0
0
0
0
0
0
0
0
0
2
0
0
0
0
0
0
0
0
16
21
18
0
0
7
10
0
0
0
0
0
0
0
0
9
60
6
30
15
3
0
0
0
0
0
0
0
0
0
0
0
0
0
0
0
0
0
0
0
0
0
0
0
0
0
0
0
0
0
0
0
0
0
0
0
0
0
0
0
0
0
0
0
0
0
0
0
0
0
0
2
30
0
0
0
0
0
0
0
0
0
0
0
0
0
0
0
0
0
0
3
7
0
0
2
37
52
13
24
0
0
0
0
0
0
0
0
0
3
6
17
0
2
2
19
32
0
0
0
0
0
0
0
0
0
0
0
0
0
0
0
0
0
0
2
0
3
0
0
0
0
0
0
0
0
0
0
0
0
0
0
15
44
31
22
26
40
8
31
24
16
63
10
46
52
57
4
11
8
7
62
29
69
29
15
80
8
2
29
6
36
60
17
22
5
29
0
32
41
21
9
3
52
7
42
5
0
0
0
0
6
62
20
33
38
45
2
5
4
14
17
75
42
10
40
34
42
31
56
0
8
0
10
23
0
0
7
15
0
0
0
0
0
0
0
5
0
0
8
0
2
22
16
8
0
0
0
0
0
0
0
0
0
0
2
0
3
7
2
4
0
0
0
0
0
0
0
0
0
0
0
0
0
0
0
0
0
0
0
0
0
0
0
0
0
0
0
0
0
0
0
0
0
0
0
0
0
0
0
0
0
0
0
0
0
0
0
0
0
0
0
0
0
0
0
0
0
0
0
0
0
0
0
0
0
0
0
0
0
0
0
0
0
0
0
0
0
0
0
0
0
0
0
0
0
0
0
0
0
0
0
0
0
0
0
0
3
16
8
15
15
18
15
8
24
13
0
0
0
0
0
0
0
0
0
0
0
0
0
0
0
0
0
0
0
0
0
3
15
10
2
3
0
0
0
0
0
0
0
0
0
0
0
0
0
0
0
0
0
0
0
0
0
0
0
0
0
0
0
0
0
0
0
3
0
0
0
0
0
0
0
0
0
0
0
0
0
0
0
3
0
0
0
0
0
0
0
0
0
0
0
3
0
0
2
0
0
0
0
0
0
0
0
0
0
0
0
0
0
0
0
0
0
0
0
0
0
2
12
4
0
0
0
0
0
0
0
0
0
0
0
0
0
0
0
0
0
0
0
0
0
0
0
0
0
0
0
0
0
0
0
0
0
2
2
8
0
0
0
0
0
0
0
0
0
3
12
0
5
0
0
0
0
0
0
0
0
0
0
0
0
0
0
0
0
0
0
0
0
3
3
0
0
0
0
0
0
0
0
0
0
0
0
0
0
0
0
0
0
0
0
0
0
0
0
0
0
6
83
77
97
59
19
18
55
71
93
22
18
12
10
26
0
0
2
0
0
0
0
0
0
0
0
0
0
0
0
0
0
0
0
0
0
0
0
0
0
0
0
0
0
0
0
0
0
0
0
0
0
0
38
109
21
54
17
10
62
21
0
0
24
8
0
0
0
0
0
0
0
0
0
0
0
0
0
0
0
0
0
0
0
0
4
59
77
0
2
25
2
12
27
19
56
5
7
46
14
7
22
27
0
0
0
0
0
0
0
0
5
11
57
148
59
149
11
73
40
85
37
45
31
49
4
0
0
0
0
0
0
0
0
0
0
0
0
0
7
41
42
33
27
0
0
0
0
0
0
0
0
0
0
0
0
0
0
0
0
0
0
0
0
0
0
0
3
27
92
60
26
5
64
32
51
0
0
0
0
0
0
0
0
0
0
0
0
0
0
0
0
0
0
0
0
0
0
0
0
0
0
0
0
0
0
0
0
0
0
0
0
0
0
0
0
0
0
0
0
0
0
0
0
0
0
0
0
0
0
0
0
0
3
0
48
45
30
68
10
20
34
43
0
0
0
0
2
33
38
16
10
23
15
0
0
3
6
38
13
0
3
12
6
32
30
28
46
2
0
0
0
0
0
0
0
0
0
0
0
0
0
2
0
0
0
0
8
25
30
13
3
3
39
0
0
0
0
0
51
24
4
5
33
36
38
16
27
47
2
5
0
0
0
0
0
13
0
0
6
0
26
3
19
25
0
0
17
42
18
23
26
44
33
38
37
9
28
43
68
25
21
0
0
3
0
0
0
2
17
56
53
24
12
45
21
51
57
22
12
19
16
16
5
4
15
16
8
10
0
0
0
0
19
0
0
0
5
0
0
0
0
25
22
12
8
0
0
0
0
0
0
0
0
0
0
0
0
0
0
0
0
0
0
0
0
0
0
0
0
0
0
0
0
0
0
0
0
0
0
0
0
0
0
4
8
13
9
0
0
0
0
0
0
0
0
0
0
0
0
0
0
0
0
0
0
0
0
0
0
0
0
0
0
0
0
0
0
0
0
0
0
0
0
0
0
0
0
0
0
0
0
2
7
20
12
5
8
6
10
9
0
0
0
0
0
0
0
0
0
0
0
0
0
0
0
0
2
7
15
11
0
0
0
0
0
0
0
0
0
0
0
0
0
0
0
5
12
3
2
0
0
0
0
0
0
0
0
0
0
0
0
0
0
0
0
2
0
0
0
0
0
0
0
0
0
0
0
0
0
0
3
0
0
0
0
0
0
0
0
0
0
0
0
0
0
0
0
0
5
0
0
0
0
0
0
0
2
8
19
24
0
0
0
0
0
0
0
0
0
0
0
0
0
0
0
0
0
0
0
0
0
0
0
0
0
0
0
0
0
0
0
0
0
0
0
0
0
0
0
0
0
0
0
0
0
0
0
0
0
0
0
0
0
0
0
0
3
5
0
0
0
0
0
0
0
0
0
0
0
0
0
0
0
0
0
0
0
0
0
0
0
0
0
0
0
0
0
0
0
0
0
0
0
0
0
0
0
0
0
0
0
2
7
0
0
0
0
0
0
0
0
8
0
3
4
0
0
0
0
0
0
0
0
0
0
0
0
0
0
0
0
0
0
0
0
0
0
0
0
3
15
40
92
37
33
41
18
0
0
0
0
0
0
0
0
0
0
0
0
0
0
0
0
0
0
0
0
0
0
0
0
0
0
0
0
0
0
8
68
44
52
21
0
3
52
26
10
8
8
5
37
3
0
0
5
9
41
97
82
28
52
40
3
17
27
45
21
66
44
10
24
5
0
0
0
0
0
0
0
0
0
4
11
34
32
41
45
26
0
0
0
0
28
36
19
33
26
22
12
10
0
2
0
0
0
0
0
0
0
0
0
0
0
0
0
0
0
0
0
0
0
0
0
0
29
5
3
67
40
0
0
0
0
0
0
0
0
0
0
0
0
0
0
0
0
0
0
0
0
4
55
87
65
28
87
70
107
71
45
78
46
100
47
10
37
35
36
35
52
57
31
6
24
21
28
4
19
3
9
15
12
31
33
28
27
16
5
0
3
0
0
0
0
0
0
0
0
0
0
0
0
0
25
32
41
2
0
65
20
11
24
62
37
19
54
0
0
0
20
11
0
0
14
22
21
5
57
44
14
0
0
0
0
0
0
0
0
0
0
0
3
0
0
0
0
0
0
0
0
0
0
15
0
9
0
0
0
0
0
0
3
0
0
0
0
0
0
0
0
0
0
0
0
0
0
13
41
53
32
38
10
50
2
28
2
3
0
0
0
2
0
0
5
17
12
14
0
3
0
0
0
0
0
0
0
0
0
0
0
0
2
3
42
0
0
11
20
42
9
58
29
5
6
56
16
0
0
0
3
0
0
0
0
3
10
27
36
38
33
28
9
27
18
9
5
18
30
19
44
27
5
23
16
15
9
2
8
50
44
0
0
7
3
2
0
0
4
2
0
0
0
0
2
24
29
17
31
3
5
20
0
0
0
0
0
0
0
0
0
2
0
0
0
0
13
22
7
3
0
0
0
0
0
0
0
0
0
0
0
0
0
0
0
0
0
0
0
0
0
0
0
0
0
0
2
6
4
5
0
0
3
2
0
0
5
0
0
0
0
0
0
3
4
0
0
0
0
0
0
0
0
5
0
0
0
0
0
0
0
0
0
0
0
0
0
0
0
0
0
5
5
3
6
0
0
3
0
0
0
0
0
0
0
0
0
0
0
0
0
0
0
0
0
0
0
5
5
13
7
0
0
0
0
0
0
0
0
0
0
3
0
0
0
0
0
0
0
0
0
0
0
0
0
0
0
0
2
0
0
0
0
0
0
0
0
0
0
0
0
0
0
0
5
0
0
0
0
0
0
0
0
0
0
0
0
0
0
0
0
0
0
2
2
7
7
15
5
0
3
3
0
2
2
0
0
0
0
0
0
0
0
0
0
0
0
0
0
0
0
0
0
0
0
0
0
0
0
0
0
0
0
0
0
0
0
0
0
0
6
3
0
0
0
0
0
0
0
0
0
0
0
0
0
0
0
0
0
0
0
0
0
0
0
15
20
26
8
54
15
15
7
6
0
0
0
7
16
2
3
0
0
0
0
0
0
0
0
0
0
0
0
0
0
0
0
0
0
0
0
0
0
0
0
0
0
0
0
2
0
0
0
0
0
0
0
0
0
0
0
0
0
0
0
0
0
0
0
0
0
0
0
0
0
0
29
8
21
8
3
0
0
0
3
3
3
20
0
0
0
0
0
0
0
0
0
0
0
0
0
0
0
0
0
0
0
0
0
0
0
0
0
0
0
0
0
0
53
33
50
17
47
57
20
45
2
0
0
0
35
0
0
0
0
0
0
0
0
0
0
0
0
0
0
0
0
0
0
3
27
40
23
11
11
0
0
0
0
14
0
0
0
0
0
0
0
0
0
0
0
0
2
0
0
0
0
0
0
3
2
0
2
0
0
0
0
14
20
35
18
37
27
0
0
20
3
29
0
3
9
3
0
0
0
0
0
0
0
0
0
0
0
0
0
0
0
0
0
0
0
0
0
0
0
0
0
0
0
27
0
12
0
0
0
0
0
0
0
0
0
0
0
0
0
0
0
0
0
0
0
12
2
0
0
0
2
40
21
0
0
29
46
20
0
0
0
0
0
0
0
0
0
16
11
0
0
0
0
9
0
0
0
0
0
20
45
77
26
32
6
0
0
0
0
0
0
0
0
0
0
0
0
3
0
0
3
0
0
0
0
0
0
0
0
0
0
0
0
0
0
0
0
0
0
0
0
20
5
5
0
0
0
0
0
0
0
0
0
0
0
0
0
7
0
0
0
3
46
34
16
22
0
0
0
0
0
0
0
0
0
0
5
17
7
49
0
0
0
0
0
0
0
0
0
0
0
0
0
0
0
0
0
0
0
62
35
5
32
34
64
51
97
61
132
76
17
70
36
34
70
48
29
67
19
22
0
0
12
49
3
20
29
2
15
42
2
0
0
2
7
48
84
16
53
4
59
64
8
9
32
24
13
43
35
19
11
34
53
26
31
28
22
41
46
24
17
27
27
74
9
0
5
0
0
0
0
0
0
0
0
0
2
8
3
0
0
11
2
0
11
4
4
9
9
0
0
0
0
0
0
0
0
0
0
5
10
9
0
0
0
0
0
0
0
0
0
0
0
0
0
0
0
0
0
0
0
0
0
0
0
0
0
0
0
0
0
0
0
0
0
0
0
0
0
0
3
4
8
19
5
5
5
0
0
0
0
2
0
0
0
0
0
0
2
14
5
5
2
12
0
0
0
0
0
0
0
0
0
0
0
0
0
0
0
0
2
3
0
0
0
0
0
0
0
0
0
0
0
0
0
0
0
0
0
0
5
3
19
5
0
0
0
0
0
0
0
0
0
0
0
0
0
0
0
3
0
2
0
0
0
0
0
0
0
0
0
0
0
0
0
0
0
0
0
0
0
0
0
0
0
0
0
0
0
0
0
0
0
0
0
0
0
0
0
0
0
2
0
3
6
3
0
0
0
6
2
0
0
6
7
0
0
0
0
0
0
0
0
0
0
0
0
0
0
0
0
0
0
0
0
0
0
0
0
0
0
0
2
0
2
0
0
0
0
0
0
0
5
7
0
0
0
0
5
5
0
0
0
0
0
0
0
0
0
0
0
0
0
0
0
0
0
0
0
0
0
0
0
0
0
0
0
0
0
0
0
0
0
0
0
0
0
0
0
0
0
0
0
0
0
0
0
0
0
0
0
0
0
2
7
2
9
5
10
8
0
0
0
0
0
0
0
0
0
0
0
0
0
0
0
0
0
0
0
0
0
0
0
0
0
0
0
0
0
0
0
0
0
0
0
0
0
0
5
24
3
5
