MyRun30CtM002C13   23 Aug 2016
193
30
1400
91
230
0
4
0
15
19
3
35
21
121
67
65
33
59
24
83
19
36
96
14
0
46
0
59
305
205
148
140
69
97
78
60
75
143
2
91
10
36
0
0
2
21
29
93
57
65
23
113
144
45
22
3
0
0
0
0
0
0
0
94
239
156
193
188
336
341
374
401
396
425
365
366
0
0
0
0
0
17
13
20
5
0
0
0
0
0
0
0
0
0
132
107
157
136
68
178
223
32
0
0
0
0
0
0
0
0
0
0
0
97
24
0
128
190
303
367
362
381
372
283
34
3
0
2
0
4
17
0
0
0
2
75
0
46
0
0
0
2
40
145
77
122
130
137
137
83
0
0
0
0
0
0
0
0
13
0
0
2
0
112
61
217
168
240
298
304
260
278
78
26
0
0
0
0
0
0
0
0
0
0
8
0
40
14
5
0
0
56
91
100
81
43
