MyRun30CtM002C01   23 Aug 2016
193
30
1400
67
17
151
6
16
0
254
355
342
297
268
194
167
211
5
33
64
0
25
47
0
78
42
20
0
64
5
93
124
15
61
121
116
69
143
13
72
0
31
11
3
0
0
5
0
0
0
0
0
5
0
0
2
0
9
0
8
0
12
5
4
7
21
177
36
160
212
180
184
149
124
17
10
7
0
0
0
0
5
2
0
0
0
0
0
6
5
0
2
13
4
5
2
0
6
0
0
62
2
0
0
5
2
0
9
0
0
19
0
16
0
99
32
5
95
204
217
244
171
226
171
44
24
10
21
6
24
10
5
9
0
9
18
0
0
26
0
16
29
19
3
0
19
0
19
69
0
0
17
6
22
3
35
35
21
11
15
14
0
24
5
127
41
102
196
132
245
207
193
40
22
0
0
0
0
0
0
3
0
0
0
0
0
0
0
0
0
0
0
12
0
62
18
