MyRun30CtM001C08   23 Aug 2016
193
30
1400
66
4
0
0
5
52
206
111
159
142
119
96
19
0
0
0
0
0
0
0
0
0
0
0
0
0
24
12
63
48
50
71
83
37
59
70
63
59
45
38
50
32
45
31
0
0
15
0
48
80
20
0
24
16
27
26
60
35
36
26
51
80
42
81
90
98
108
109
141
144
133
128
115
2
2
0
0
0
0
0
0
0
0
0
3
0
0
0
2
0
16
20
0
29
58
39
69
66
42
34
60
32
14
10
0
0
0
0
0
0
0
7
128
99
77
76
105
119
67
97
66
4
0
0
0
0
0
11
0
2
0
11
0
5
21
19
0
9
10
3
0
9
0
32
92
77
55
76
95
63
2
5
39
42
20
59
18
0
0
8
6
80
84
108
127
98
106
96
125
27
34
17
15
12
10
4
0
0
0
0
7
0
0
0
0
0
0
0
0
0
0
0
15
