MyRun30CtM001C20   23 Aug 2016
193
30
1400
47
18
31
0
3
71
84
237
91
44
0
7
0
0
0
0
0
0
0
0
3
0
2
3
0
144
6
0
0
0
0
100
0
0
0
17
0
2
0
24
0
0
0
0
0
0
0
0
0
0
2
0
0
0
5
2
0
70
58
0
54
63
100
115
162
192
160
185
191
58
44
8
0
0
0
0
0
0
0
0
5
0
3
0
0
0
0
2
0
0
0
0
40
4
0
0
0
5
0
0
0
0
0
0
0
5
0
5
2
61
0
25
6
7
84
89
157
209
110
167
124
0
0
0
2
2
2
0
0
0
0
0
0
0
3
0
0
0
0
2
66
6
0
0
0
0
0
0
0
0
0
0
0
0
0
5
0
0
0
25
52
37
95
117
112
130
106
147
137
61
65
24
0
0
0
0
0
0
0
10
0
0
0
0
0
0
11
2
27
50
42
10
5
