MyRun30CtM001C19   23 Aug 2016
193
30
1400
72
240
97
49
72
165
131
201
213
238
297
208
183
146
60
87
92
86
0
71
39
0
0
6
0
15
2
20
38
102
73
68
0
0
87
6
134
35
67
0
0
0
0
0
0
9
0
0
49
25
4
52
39
2
19
2
110
27
0
80
121
26
80
158
24
137
137
180
205
144
122
59
18
22
6
2
0
2
0
7
0
0
0
0
0
0
3
0
0
3
0
0
22
29
28
33
23
109
0
3
75
47
0
45
0
0
0
0
0
0
108
120
97
177
93
153
168
268
203
209
174
112
30
0
0
0
13
2
6
0
5
0
0
0
5
0
7
0
0
0
0
0
33
28
43
125
106
89
2
0
28
0
0
5
0
3
5
0
37
143
154
136
106
118
208
216
268
251
221
24
13
5
0
0
0
0
40
16
0
0
2
21
0
0
0
0
0
14
14
34
21
118
22
