MyRun30CtM002C08   23 Aug 2016
193
30
1400
40
131
145
42
17
8
0
151
291
225
234
244
109
128
57
27
0
37
87
2
0
0
37
10
16
115
62
78
45
92
85
134
102
113
17
0
2
63
0
4
0
0
0
0
0
0
0
0
0
0
0
0
2
0
0
0
0
0
147
230
35
34
74
91
104
192
319
236
316
189
119
113
0
0
0
0
0
0
0
69
186
80
99
5
0
0
2
8
10
5
23
95
55
74
81
28
2
6
0
0
0
0
0
0
0
0
0
0
4
0
5
0
118
38
35
61
168
213
176
148
82
0
0
2
0
7
0
0
2
7
9
0
0
0
7
2
9
0
78
10
16
47
27
73
95
62
16
0
0
0
0
0
0
0
0
0
0
0
5
0
0
0
133
57
118
135
199
140
124
6
0
0
3
0
9
0
3
0
9
7
99
68
38
34
7
11
14
28
55
60
79
73
30
