MyRun30CtM001C14   23 Aug 2016
193
30
1400
37
2
0
3
0
10
182
158
129
53
17
5
0
5
0
0
13
12
0
0
3
21
3
0
54
102
35
78
32
69
0
94
80
0
0
27
0
3
0
2
0
0
3
0
0
3
0
2
0
0
0
0
5
14
0
0
23
121
2
34
2
45
0
35
100
208
249
228
256
227
227
137
96
0
0
0
0
0
0
3
5
0
5
0
0
2
5
0
10
3
3
2
31
81
16
0
3
0
0
0
2
0
0
0
0
0
10
2
0
0
0
57
52
70
92
92
129
213
158
240
194
135
34
0
0
0
0
0
0
2
7
0
0
7
0
0
0
0
2
0
17
30
6
0
0
0
0
0
0
0
0
0
0
0
0
2
0
8
5
0
18
22
30
116
61
133
126
155
181
155
101
39
2
0
0
6
38
50
34
23
46
36
5
0
0
0
2
7
13
13
5
5
19
