MyRun30CtM001C24   23 Aug 2016
193
30
1400
12
5
0
0
4
0
3
41
0
29
144
7
68
54
27
24
92
35
28
0
3
10
0
132
0
62
5
33
9
63
70
85
36
37
0
0
3
15
0
0
0
0
3
2
0
4
6
0
102
0
0
0
0
2
0
0
80
0
0
0
0
0
0
20
26
115
114
294
334
239
217
192
127
0
0
0
2
0
0
0
0
0
0
0
0
3
9
0
0
0
0
31
63
119
52
16
18
125
0
0
0
0
0
0
0
0
0
0
6
0
0
0
26
17
53
54
155
179
285
216
229
59
0
0
0
0
0
0
0
0
0
4
0
0
0
0
4
0
2
3
55
140
133
79
37
16
0
0
0
0
0
4
21
17
2
18
0
0
17
0
7
2
16
96
143
186
131
252
178
85
3
0
0
0
0
0
0
0
0
0
0
2
0
0
0
0
0
0
43
64
61
65
45
