MyRun30CtM001C15   23 Aug 2016
193
30
1400
27
62
52
82
81
74
100
69
120
73
76
76
37
23
22
0
9
35
0
47
8
73
90
61
75
29
68
106
81
63
0
46
95
77
63
58
25
0
0
9
2
55
15
57
75
10
71
62
73
61
83
21
51
0
73
108
67
83
67
35
3
66
90
107
91
84
164
138
130
121
73
65
58
0
0
0
0
0
0
0
0
0
0
0
0
0
0
0
0
0
0
0
0
2
29
193
133
206
180
189
148
114
79
101
85
70
58
76
67
101
107
146
142
167
162
152
174
178
138
122
152
12
7
0
8
0
0
5
5
5
0
25
0
0
0
0
0
0
0
0
0
0
2
4
140
225
212
167
236
154
107
92
160
153
123
150
137
103
203
160
143
57
152
151
182
197
188
135
165
62
13
7
5
47
0
45
14
10
11
16
13
0
9
24
4
31
21
5
14
3
0
21
70
