MyRun30CtM001C13   23 Aug 2016
193
30
1400
45
17
0
85
231
167
183
156
125
45
15
2
0
0
0
34
39
44
0
0
40
76
0
44
63
85
118
81
129
106
80
152
162
117
96
68
57
14
20
7
0
0
3
4
3
11
0
3
2
0
0
24
95
9
4
0
0
90
73
92
84
44
62
174
124
192
205
151
183
194
75
85
87
0
0
0
0
2
0
0
0
2
0
0
2
0
2
5
0
0
0
2
81
7
56
60
143
172
129
73
36
9
0
0
0
0
0
6
0
0
33
99
117
127
162
180
159
181
176
132
160
6
0
0
0
17
0
8
2
0
0
7
6
0
10
18
0
6
6
12
0
0
4
82
38
159
99
76
7
20
0
99
68
10
0
28
25
0
48
100
124
111
98
119
104
134
206
143
171
56
19
7
45
0
23
36
0
11
28
7
0
22
11
16
7
23
0
8
0
0
38
27
57
