MyRun30CtM001C18   23 Aug 2016
193
30
1400
12
36
28
8
3
94
97
93
135
115
116
82
106
57
25
0
0
0
0
0
0
14
0
29
0
2
23
77
112
84
49
79
62
35
67
89
69
53
45
4
5
0
0
7
45
0
17
35
28
18
56
7
18
46
9
14
30
12
27
53
93
35
33
57
52
103
113
93
133
129
117
118
70
20
7
0
7
6
0
2
2
0
7
0
7
2
0
7
2
5
4
4
0
2
13
109
130
89
112
103
66
13
88
30
23
0
47
58
64
62
56
19
80
21
24
76
97
52
121
84
75
24
11
0
8
5
0
14
3
23
4
4
0
3
0
27
24
4
5
4
14
4
17
30
81
88
78
104
54
71
67
32
71
29
20
27
2
34
120
49
25
71
5
78
69
92
113
92
41
28
48
21
27
8
12
12
22
11
24
4
0
22
2
0
26
23
0
8
0
4
0
20
26
