MyRun30CtM001C03   23 Aug 2016
193
30
1400
41
86
0
0
43
33
169
115
189
193
130
177
105
9
0
0
0
0
0
0
8
0
2
0
0
0
0
75
42
62
78
88
88
83
72
71
49
24
3
12
6
0
0
0
0
4
0
0
0
0
0
0
0
2
11
18
178
42
49
119
94
102
120
94
84
95
131
157
163
158
101
84
7
0
5
0
0
0
0
0
0
0
0
4
3
2
0
0
0
0
0
11
12
0
0
52
96
203
103
98
90
68
59
92
73
0
0
0
0
0
0
14
158
102
64
100
142
116
119
119
175
14
0
0
0
0
0
0
0
0
0
0
0
0
0
0
0
13
0
0
0
0
0
2
56
178
119
96
84
65
71
73
31
0
0
0
0
0
5
44
99
88
100
114
95
135
147
143
130
2
0
0
0
0
0
0
5
4
0
0
8
0
12
2
0
0
0
5
2
0
0
0
5
