MyRun30CtM002C11   23 Aug 2016
193
30
1400
40
111
39
6
5
6
43
154
150
134
197
103
109
148
100
10
0
0
9
25
0
0
0
5
21
118
118
0
0
3
2
30
55
56
2
2
43
0
2
0
4
0
22
34
15
4
0
0
5
0
0
6
0
2
0
0
5
0
0
5
0
2
119
2
0
79
63
85
71
52
0
0
0
0
0
0
2
0
0
0
2
0
0
5
0
0
0
2
0
7
10
68
30
30
55
13
0
31
33
0
0
0
0
0
3
0
2
0
0
25
92
0
16
0
2
0
113
109
108
2
3
0
0
0
2
0
0
0
0
0
0
0
0
0
0
0
0
0
0
14
22
0
2
10
0
3
10
0
0
3
0
32
0
3
0
5
8
0
88
9
5
39
5
28
36
120
58
0
0
0
0
0
0
0
0
0
6
0
5
0
2
2
3
0
0
6
7
2
2
5
0
13
16
