MyRun30CtM001C17   23 Aug 2016
193
30
1400
64
79
3
0
13
18
108
152
97
47
0
0
10
3
0
4
0
10
0
11
3
0
0
41
33
84
10
14
74
0
29
38
40
83
16
54
21
0
0
38
0
0
0
2
0
6
3
0
0
0
2
130
2
0
0
41
0
0
0
0
42
0
0
72
177
161
167
289
237
154
135
75
0
0
0
0
0
0
0
3
0
8
0
3
3
0
0
0
4
46
113
122
133
67
41
4
3
21
0
0
0
2
0
0
4
0
3
0
2
0
0
0
65
37
35
54
79
105
103
107
87
0
0
0
0
0
0
0
6
0
4
3
2
0
4
0
0
0
6
70
33
33
21
14
10
53
17
2
0
0
0
0
16
0
0
4
0
0
0
3
0
86
0
90
66
134
121
109
102
20
4
0
0
5
0
0
0
6
0
3
4
5
12
41
4
4
0
9
82
57
74
32
18
