MyRun30CtM002C15   23 Aug 2016
193
30
1400
96
80
45
161
205
153
224
171
164
160
196
195
196
94
77
0
0
3
0
112
62
0
10
0
29
83
6
2
86
91
0
113
84
20
26
20
87
36
0
0
0
0
0
0
0
0
0
0
0
21
0
0
2
0
0
10
2
0
7
0
6
0
0
0
183
214
90
140
159
138
149
123
87
0
0
0
0
0
0
0
0
3
0
0
0
0
0
0
0
3
3
0
0
18
5
0
0
44
0
3
4
0
0
14
0
2
2
3
0
0
2
0
0
81
29
88
35
116
143
178
164
41
0
0
0
0
0
0
0
0
0
0
0
0
0
0
0
0
0
0
0
0
0
0
10
7
0
0
0
7
0
0
0
0
14
2
15
5
0
0
5
121
34
79
76
93
124
154
190
19
32
2
25
9
0
0
7
3
6
0
0
5
0
0
4
0
0
7
0
5
0
4
9
