MyRun30CtM002C18   23 Aug 2016
193
30
1400
61
28
0
0
90
77
72
4
0
7
30
0
0
0
0
0
0
42
94
46
0
17
0
0
3
86
26
15
76
29
46
125
97
52
33
65
64
46
0
0
0
0
0
0
0
0
2
0
0
0
7
0
52
11
0
0
2
5
3
40
114
40
89
73
112
96
138
150
169
144
118
133
84
5
14
0
5
0
0
0
0
0
0
0
4
0
0
3
5
0
7
19
44
35
46
61
100
116
130
48
13
0
0
0
0
10
0
5
0
79
141
184
105
125
131
154
125
143
124
168
157
17
13
0
0
0
0
6
14
12
0
0
9
0
0
6
0
0
23
0
0
5
15
65
52
166
119
121
123
68
3
41
39
65
13
2
12
15
82
154
137
95
121
146
143
133
161
179
170
87
35
0
4
8
7
6
11
24
7
18
5
29
0
29
5
12
0
15
0
4
0
75
71
