MyRun30CtM001C10   23 Aug 2016
193
30
1400
62
76
3
0
0
39
11
76
256
165
199
130
32
2
0
0
0
0
3
0
0
17
0
7
2
6
201
141
0
15
22
60
0
82
2
109
16
2
0
0
0
0
0
0
0
0
0
0
0
0
0
0
0
0
3
2
0
0
0
3
269
141
0
0
7
41
44
176
153
223
192
110
89
0
0
0
0
0
0
0
0
0
0
0
0
0
0
0
0
2
23
64
15
12
4
0
0
3
0
2
0
0
0
0
8
0
0
0
3
2
0
0
21
48
7
16
29
96
107
97
122
0
0
0
3
2
0
10
0
0
2
3
0
10
0
6
0
5
0
55
36
39
19
0
5
23
0
0
0
0
0
0
0
5
16
0
0
8
7
13
12
52
84
44
84
88
116
159
110
10
0
0
0
0
0
0
0
2
0
0
2
5
2
0
0
5
2
28
43
38
16
23
13
