MyRun30CtM001C23   23 Aug 2016
193
30
1400
83
137
77
78
3
80
0
100
130
138
153
145
78
42
0
0
0
2
3
2
0
31
8
0
0
42
40
36
4
27
0
95
61
0
0
0
68
0
0
0
0
0
0
3
0
14
0
0
29
162
3
26
40
0
0
4
0
34
0
0
61
0
43
45
84
83
58
116
133
110
12
0
0
0
0
0
0
6
4
0
2
5
0
0
0
0
6
5
0
0
4
0
23
7
2
25
99
43
23
38
9
0
0
8
3
25
0
3
15
0
0
23
56
66
30
114
104
142
144
116
103
2
0
0
0
0
0
0
6
8
0
0
0
0
0
0
2
2
0
0
2
5
10
22
20
34
12
0
18
18
2
14
24
0
0
5
9
0
46
40
52
45
44
87
119
128
110
120
130
53
9
2
0
0
44
3
18
0
13
0
19
0
0
0
0
8
4
15
0
16
21
17
30
