MyRun30CtM002C14   23 Aug 2016
193
30
1400
161
131
0
0
14
50
31
55
33
4
0
0
0
0
53
10
0
3
0
23
55
0
2
113
0
8
53
351
129
0
0
3
224
7
2
20
73
101
0
3
0
0
0
0
2
56
2
7
229
0
0
0
0
0
0
0
0
0
2
0
8
268
54
206
247
259
196
400
329
287
263
155
2
0
0
0
0
0
0
0
0
0
0
0
3
0
3
0
0
0
0
158
46
61
21
44
59
97
0
0
0
0
0
0
0
7
0
0
0
0
2
0
254
84
91
178
220
256
276
340
324
0
0
0
0
0
0
0
0
0
0
0
0
0
0
5
0
0
0
0
0
39
30
14
42
229
17
0
0
0
0
4
0
0
0
0
0
0
0
0
4
4
113
343
205
210
286
337
282
184
29
0
0
0
0
0
0
0
0
0
3
0
0
0
3
0
0
0
2
62
29
24
26
