MyRun30CtM001C22   23 Aug 2016
193
30
1400
60
0
5
0
23
0
42
133
22
113
75
49
68
0
0
0
0
5
0
22
3
0
0
33
0
93
15
0
59
5
56
63
62
13
50
0
0
36
0
13
10
4
0
0
0
6
10
33
60
27
12
60
2
37
26
18
17
2
57
3
15
33
55
105
77
22
66
139
73
81
34
24
2
0
0
0
2
0
0
0
0
0
0
0
0
0
5
0
6
14
25
34
38
51
28
0
0
49
3
3
2
0
2
0
0
2
0
2
0
0
5
0
21
93
91
75
87
92
119
90
8
26
0
0
3
0
0
8
0
0
2
0
0
0
2
0
10
2
4
0
10
14
2
12
6
24
0
55
4
8
0
21
0
21
25
8
5
36
31
2
37
72
73
63
103
97
99
71
97
2
0
0
0
0
0
4
0
0
0
0
0
0
0
0
0
2
0
2
0
0
9
19
29
