MyRun30CtM001C21   23 Aug 2016
193
30
1400
39
40
0
26
39
118
102
128
172
131
94
79
49
0
2
12
2
0
3
53
0
48
11
70
32
69
22
21
82
101
8
116
102
7
0
30
21
0
2
0
0
0
0
0
0
0
0
3
0
12
6
55
0
0
0
26
68
46
73
0
45
65
93
143
98
108
188
118
170
105
82
14
0
2
0
0
0
0
0
0
0
0
0
0
7
8
0
0
2
0
2
0
0
4
7
77
50
131
80
95
69
16
46
58
32
36
0
0
33
98
49
123
104
103
96
109
95
97
119
138
86
11
18
0
0
2
5
2
5
0
3
2
10
0
0
3
3
8
2
5
5
2
10
0
44
148
134
96
84
90
73
58
67
63
59
90
80
122
42
80
125
100
107
136
102
168
175
116
132
19
2
24
0
2
12
12
14
5
0
6
28
0
9
2
3
2
3
6
0
0
0
0
3
