MyRun30CtM002C05   23 Aug 2016
193
30
1400
34
70
0
0
0
12
81
109
114
108
139
157
132
90
93
61
25
14
11
6
0
29
24
45
11
13
65
37
75
58
75
35
83
71
50
75
55
18
28
19
31
0
0
0
2
0
0
0
36
50
46
3
33
7
68
14
0
21
12
17
31
38
30
20
48
40
70
94
75
98
121
90
88
26
6
19
5
7
0
0
4
3
0
0
11
0
0
0
0
0
0
6
0
3
5
78
36
63
49
31
34
34
4
4
31
0
3
0
45
56
80
67
72
77
91
55
85
116
98
71
118
46
41
32
4
0
0
0
11
0
0
0
0
7
0
10
0
0
0
13
0
0
0
0
10
113
55
52
54
68
72
59
49
6
0
0
5
0
15
76
82
102
81
97
86
132
98
95
114
147
103
46
0
0
0
0
3
0
54
3
11
0
25
2
0
43
2
5
25
2
0
41
7
