MyRun30CtM002C16   23 Aug 2016
193
30
1400
61
197
40
0
0
20
12
0
85
13
101
2
0
0
0
78
0
0
0
3
2
0
82
0
112
58
0
44
41
5
96
86
94
9
114
61
0
14
0
0
0
0
0
0
0
0
0
0
0
7
0
116
2
0
0
2
0
0
3
0
0
2
0
210
138
36
96
189
212
230
234
238
185
0
0
0
0
0
0
0
0
0
0
0
2
0
5
0
0
0
0
26
37
124
8
0
0
13
0
0
0
0
0
0
0
0
0
0
5
0
11
3
86
202
106
188
186
258
205
171
188
35
0
0
0
0
0
0
2
0
2
3
4
0
0
0
2
0
2
33
82
16
25
7
0
0
0
0
0
0
3
0
4
3
0
0
6
3
0
3
94
98
119
130
137
122
106
103
151
3
0
0
0
0
2
0
0
0
26
25
14
0
10
5
0
0
0
0
29
31
25
38
0
