MyRun30CtM002C09   23 Aug 2016
193
30
1400
58
175
142
247
125
167
200
225
213
262
191
163
214
143
185
65
174
138
108
94
74
9
0
0
69
195
127
126
130
40
136
123
104
118
5
26
120
131
81
62
0
0
0
0
0
2
11
0
0
7
5
17
2
0
0
14
22
61
13
3
0
130
275
177
241
109
204
219
175
215
227
161
106
0
0
11
0
0
0
2
0
0
0
0
3
5
0
0
0
2
0
0
9
52
47
33
29
63
0
46
0
0
0
0
0
0
33
119
141
70
58
0
0
87
8
0
156
186
174
173
183
49
0
0
2
0
0
0
0
0
2
0
5
0
0
0
0
0
3
0
0
3
2
12
13
8
3
12
4
4
19
0
44
15
39
2
3
3
153
163
113
56
58
116
132
186
111
91
65
23
12
0
6
0
2
0
0
10
8
0
0
5
0
0
0
2
9
0
0
3
6
57
71
