MyRun30CtM002C02   23 Aug 2016
193
30
1400
30
10
23
20
0
0
13
47
120
42
28
12
12
58
36
0
0
15
20
14
0
0
7
3
16
0
16
0
11
72
16
17
11
8
23
0
0
33
7
3
2
0
0
34
46
7
16
6
14
2
0
3
22
9
0
24
7
59
0
81
3
52
46
74
152
119
165
188
227
170
122
109
4
0
0
0
9
2
8
2
0
24
60
0
0
10
80
0
0
0
9
2
2
0
12
26
74
58
34
7
0
0
0
0
2
0
0
80
9
98
11
157
15
96
130
144
145
220
140
83
41
0
0
0
2
5
0
10
0
5
0
7
0
0
0
0
5
5
36
0
37
0
0
48
0
74
0
3
7
0
0
7
0
0
0
0
0
5
39
2
3
33
0
23
17
57
113
52
13
23
9
5
0
16
0
18
5
0
14
5
0
24
2
2
0
0
5
26
0
4
17
0
21
