MyRun30CtM002C12   23 Aug 2016
193
30
1400
26
82
37
0
65
83
100
82
122
103
76
54
92
54
53
26
19
11
3
20
0
0
2
0
29
17
27
5
31
35
17
72
18
25
32
50
49
2
28
0
5
0
0
0
0
0
6
0
8
71
52
22
6
31
11
46
39
71
63
38
52
32
74
52
58
4
59
113
98
95
91
74
13
0
0
0
0
0
0
0
0
3
5
0
0
0
4
0
0
2
3
12
0
39
29
21
48
59
41
44
32
109
26
65
34
26
38
13
3
0
10
4
43
72
24
45
73
99
74
107
46
24
2
0
0
0
5
2
4
0
0
0
5
0
9
0
0
2
0
10
0
0
0
6
63
108
76
30
49
67
7
42
95
24
9
0
59
68
96
43
54
55
68
88
104
79
129
73
122
28
14
12
5
0
2
17
15
5
23
16
4
0
2
9
2
15
0
7
11
0
11
4
35
