MyRun30CtM001C04   23 Aug 2016
193
30
1400
80
115
2
0
3
19
50
7
119
105
29
33
10
0
0
0
63
8
74
0
0
0
2
63
13
22
4
74
19
25
99
29
26
28
62
33
3
8
4
2
3
0
4
0
0
0
0
7
40
71
0
0
0
0
0
0
4
2
2
0
3
109
24
0
129
87
164
207
181
169
244
110
27
0
0
0
0
2
0
2
0
2
0
9
2
2
2
0
35
5
0
0
2
70
45
8
0
0
0
0
0
0
0
0
4
0
3
0
0
0
2
6
144
24
61
99
178
251
212
167
165
49
0
0
0
0
0
0
2
2
0
0
0
2
7
5
42
3
0
0
12
13
18
41
0
0
0
0
0
0
0
0
2
2
0
0
0
2
0
2
3
101
42
124
144
186
240
252
156
51
13
4
0
0
0
0
0
0
0
0
55
62
12
6
4
0
0
0
2
43
16
29
0
