MyRun30CtM001C27   23 Aug 2016
193
30
1400
31
55
5
0
0
68
64
83
89
174
97
89
143
80
67
3
0
26
0
0
0
8
7
0
3
0
42
78
38
112
91
38
35
44
0
3
6
66
13
8
5
0
0
0
0
0
0
0
0
0
0
0
0
0
0
12
2
6
4
30
105
121
77
123
81
126
96
108
98
120
107
108
69
35
0
0
0
2
2
0
7
2
0
0
0
0
0
0
0
0
0
0
0
0
2
0
4
5
0
0
3
2
6
0
7
0
3
0
93
65
84
37
63
47
77
84
118
118
86
131
111
15
0
6
8
3
0
0
0
0
15
0
0
0
0
0
6
4
2
0
5
3
13
0
8
38
18
0
0
3
0
0
0
0
0
0
8
2
10
31
72
88
78
71
76
135
100
124
91
76
43
0
0
0
0
0
0
0
3
20
0
18
0
0
3
5
6
0
0
0
7
0
0
