MyRun30CtM002C10   23 Aug 2016
193
30
1400
32
103
0
0
76
99
73
151
56
55
80
0
2
36
0
19
0
35
15
33
55
3
78
0
0
0
74
0
0
93
0
181
8
2
5
0
0
3
0
0
0
0
0
14
0
70
72
2
100
15
48
90
68
15
0
0
43
0
0
10
86
39
71
0
0
135
192
172
222
238
212
169
78
0
0
0
0
0
0
0
3
0
2
5
0
0
7
0
5
3
73
26
38
86
40
0
3
61
0
0
0
0
0
2
0
0
0
16
0
0
3
2
144
14
50
0
144
144
186
115
83
0
0
0
0
0
0
0
6
0
0
3
14
13
0
0
0
2
8
12
0
44
16
10
43
67
0
0
0
0
0
0
3
0
2
0
0
3
177
223
0
36
3
154
176
228
202
140
0
0
0
0
0
3
0
0
5
0
2
0
5
3
0
0
5
0
34
32
20
22
40
59
80
