MyRun30CtM002C03   23 Aug 2016
193
30
1400
40
81
0
6
23
10
87
72
62
88
51
22
21
0
5
0
0
63
12
0
19
34
0
3
2
142
64
83
158
15
116
30
31
101
45
41
13
3
0
70
2
20
7
8
24
0
34
64
71
123
79
0
0
0
0
13
2
0
0
0
0
0
0
105
120
130
108
126
124
139
51
105
23
2
0
0
0
0
13
0
0
0
0
0
5
0
0
0
5
0
42
96
63
48
96
73
55
86
0
0
0
0
0
0
0
0
0
0
0
3
0
0
37
23
80
61
86
79
130
146
139
20
0
0
0
0
0
0
4
0
0
2
0
0
2
15
2
0
0
5
18
15
7
4
14
3
0
0
0
0
0
0
31
20
33
17
12
4
21
11
46
4
47
73
60
89
119
80
105
71
3
0
0
0
0
5
7
0
5
7
0
8
0
0
0
12
0
12
18
15
14
23
4
