MyRun30CtM001C29   23 Aug 2016
193
30
1400
46
37
2
0
0
41
95
98
103
109
107
76
19
5
0
0
2
10
0
40
0
0
3
0
5
0
5
63
79
67
93
88
49
71
7
16
27
5
4
0
0
2
0
0
3
0
0
2
3
4
0
0
78
96
80
98
50
76
38
0
59
82
76
79
89
75
107
99
71
73
80
9
13
0
0
0
0
0
2
0
3
3
0
0
0
0
0
0
0
0
14
5
39
46
65
63
24
124
69
42
0
0
0
0
0
0
0
0
2
2
42
124
124
81
56
118
98
106
81
120
91
4
0
10
3
3
2
0
0
0
8
0
2
0
0
5
0
2
0
0
0
18
28
70
73
80
100
88
74
72
18
34
0
0
0
0
0
0
18
118
113
105
133
123
117
80
102
125
114
15
10
5
0
10
0
0
0
0
0
4
0
0
15
5
0
0
12
2
0
0
0
114
52
