MyRun30CtM001C02   23 Aug 2016
193
30
1400
38
15
0
6
159
131
130
220
194
208
202
188
105
138
129
138
145
155
74
0
0
0
10
6
84
0
0
0
0
0
16
9
2
6
13
154
109
141
78
0
0
0
0
0
0
0
0
2
4
2
7
2
0
6
0
24
0
14
0
42
111
88
102
34
105
49
88
103
119
139
166
140
86
0
0
0
0
0
0
0
0
0
0
0
0
0
0
0
0
7
4
0
32
35
34
17
0
31
0
0
0
0
0
2
9
0
0
0
0
59
27
0
28
77
104
68
144
157
173
155
121
24
0
0
0
0
2
11
2
4
0
0
0
0
0
7
0
0
0
0
9
20
4
8
19
39
0
0
0
0
5
14
0
37
0
6
13
2
3
21
99
96
79
75
116
62
95
81
113
11
56
0
0
0
0
0
0
0
0
0
0
22
4
0
0
0
0
0
0
7
6
7
0
