MyRun30CtM001C01   23 Aug 2016
193
30
1400
32
0
0
0
0
0
0
0
0
0
0
0
0
0
0
0
0
0
0
0
0
13
0
8
0
2
0
3
12
5
143
200
39
0
88
52
2
0
3
0
58
2
103
3
0
0
51
22
0
0
32
39
0
37
5
0
0
15
77
33
80
0
16
71
0
36
44
181
247
226
157
156
52
0
0
0
2
0
0
2
0
0
26
3
0
2
14
0
2
2
8
2
25
34
25
47
51
116
29
3
25
34
27
7
0
9
0
39
33
19
0
86
33
112
83
84
100
156
141
80
122
0
8
0
3
0
0
0
7
3
14
2
0
0
0
0
5
14
0
7
0
4
4
8
7
70
40
47
45
43
20
32
37
0
13
14
7
0
56
38
54
62
76
61
114
101
87
88
72
0
6
0
0
0
0
0
0
2
0
0
4
23
2
5
0
7
0
4
6
10
12
15
14
