MyRun30CtM001C06   23 Aug 2016
193
30
1400
40
87
23
0
59
70
68
63
54
87
87
44
59
0
0
0
0
30
2
0
0
0
0
4
23
0
0
0
0
29
61
3
17
45
0
0
0
56
28
0
0
0
3
0
0
0
0
17
11
31
0
0
3
2
5
0
0
0
0
7
7
12
0
5
15
11
33
20
11
19
18
0
3
0
0
0
0
2
0
0
0
2
0
0
5
20
7
5
2
11
8
3
26
38
12
36
38
46
36
15
8
0
2
0
0
0
0
0
4
8
0
3
4
26
32
28
31
42
54
106
48
0
0
0
0
0
0
6
0
0
0
7
0
0
9
0
7
0
0
7
4
21
32
17
15
58
45
26
21
2
18
3
2
34
0
0
0
3
2
18
13
32
13
43
58
43
50
48
57
0
0
0
0
3
0
0
0
0
26
14
8
2
2
0
6
0
0
0
10
4
2
13
18
