MyRun30CtM001C12   23 Aug 2016
193
30
1400
20
78
0
43
104
62
96
98
120
75
103
103
103
78
108
88
65
56
103
61
76
69
65
57
100
44
57
84
101
87
81
116
110
114
89
96
113
68
83
22
0
0
0
0
0
0
19
12
5
2
7
130
66
74
13
0
50
110
80
47
92
67
98
112
105
97
109
111
119
110
130
112
135
114
30
0
7
7
0
0
0
5
31
35
3
13
14
0
0
0
5
32
98
76
13
100
110
116
99
99
71
64
52
0
20
5
106
81
39
24
76
81
3
102
107
103
110
108
87
105
110
41
26
26
26
20
31
18
8
33
10
55
13
7
41
0
40
50
30
29
53
6
22
89
115
164
132
110
86
90
23
29
0
2
43
36
4
21
26
42
2
2
20
87
120
159
126
186
148
11
0
0
13
14
22
4
0
20
50
55
24
2
2
11
20
0
15
0
19
0
8
36
116
