MyRun30CtM001C28   23 Aug 2016
193
30
1400
20
0
6
3
38
31
99
86
77
70
17
0
0
0
2
0
0
26
0
0
39
10
0
2
18
0
13
9
59
89
24
57
87
99
64
24
0
16
7
0
3
0
0
0
0
0
0
4
10
2
0
0
4
2
4
47
7
0
49
31
55
71
41
44
4
62
80
90
102
121
107
111
96
18
2
0
0
2
0
0
5
2
2
0
0
0
2
2
0
0
8
2
2
8
0
42
17
28
0
67
23
0
24
0
36
77
0
3
68
84
42
64
82
33
111
99
113
117
90
105
130
12
0
29
21
9
21
0
7
0
4
5
0
0
0
12
18
0
0
15
2
3
0
2
15
90
50
0
0
0
2
6
16
63
17
0
39
5
59
77
122
80
94
96
103
78
112
115
118
15
10
0
3
0
4
3
4
0
15
7
0
4
0
0
0
0
2
0
0
5
2
15
42
