MyRun30CtM001C07   23 Aug 2016
193
30
1400
45
48
0
0
0
0
0
21
19
48
69
180
42
2
0
0
0
0
0
0
49
12
0
54
16
70
96
55
76
120
9
121
123
70
90
39
85
0
0
0
0
0
0
0
0
0
0
0
0
7
0
7
23
81
30
8
28
65
25
26
34
84
43
64
78
52
84
149
122
178
186
166
125
77
12
15
0
0
0
0
0
0
0
0
0
0
0
0
0
0
0
0
0
0
0
17
91
58
64
13
27
67
53
26
2
11
30
34
31
66
69
55
59
117
113
134
107
133
121
107
78
0
10
0
4
5
13
0
4
0
0
0
0
5
0
0
0
7
0
26
0
0
0
0
38
50
64
78
60
64
32
28
20
19
2
3
60
0
20
69
82
54
83
106
89
111
60
82
74
52
0
0
2
0
0
0
9
13
3
11
0
5
0
2
7
0
0
0
0
0
8
0
20
