MyRun30CtM001C25   23 Aug 2016
193
30
1400
78
128
46
44
88
129
128
64
111
177
101
90
74
59
10
2
0
0
7
18
8
10
0
9
3
20
34
20
35
91
25
59
48
16
41
2
22
0
0
0
0
0
0
0
0
10
4
33
23
5
0
0
0
0
34
27
19
12
30
0
54
14
104
112
89
100
89
114
112
101
84
66
13
0
0
0
0
0
2
0
0
0
0
3
0
0
0
0
3
0
2
4
11
48
8
15
15
36
0
0
0
0
0
0
0
0
0
97
5
0
0
77
139
0
15
46
80
91
72
43
6
18
12
2
0
0
0
0
28
12
16
0
0
0
22
0
13
16
10
0
4
6
55
11
18
16
35
12
0
0
0
0
0
0
0
32
22
2
57
25
84
107
88
83
124
112
164
174
144
86
35
46
37
33
0
3
0
37
0
0
7
15
19
22
22
5
34
7
25
2
18
60
27
