MyRun30CtM001C16   23 Aug 2016
193
30
1400
19
2
0
0
9
0
50
38
76
119
108
95
81
53
46
28
0
0
0
0
0
18
29
7
4
0
3
48
16
26
14
25
45
55
36
31
27
14
5
0
0
8
0
0
0
7
7
2
0
5
2
0
2
2
0
0
0
21
101
21
16
32
33
66
64
76
100
105
76
139
63
68
30
0
2
0
0
0
0
0
0
0
0
0
0
0
0
0
2
2
0
0
0
0
62
30
30
86
52
4
9
0
0
0
0
0
0
0
0
0
0
3
2
61
101
60
77
96
111
85
88
14
12
0
0
0
0
5
3
7
0
0
0
0
0
2
0
4
0
7
3
0
0
2
24
91
61
5
15
0
0
0
0
0
0
5
0
0
0
3
81
76
53
90
79
43
94
99
101
80
51
0
0
0
0
0
0
0
0
2
22
0
0
0
0
0
0
0
0
2
2
7
0
