MyRun30CtM002C07   23 Aug 2016
193
30
1400
81
240
121
26
0
27
169
230
251
224
290
254
229
107
92
88
89
0
22
0
0
56
21
45
2
0
139
173
142
145
157
221
176
108
152
84
94
142
66
57
25
0
0
7
0
0
0
89
37
51
57
74
0
0
0
24
0
0
108
52
13
30
112
167
128
160
164
169
224
170
199
117
71
0
0
0
0
0
0
0
0
2
0
0
0
0
0
5
0
0
77
111
94
125
113
148
114
168
101
118
5
4
0
0
0
0
0
0
30
119
0
0
52
108
120
78
183
202
181
175
164
42
0
0
0
0
0
0
0
0
0
0
0
0
0
0
9
0
3
53
43
65
59
92
92
130
122
121
97
83
66
77
68
0
0
0
0
0
0
0
3
121
142
90
135
146
169
192
149
42
0
0
0
0
0
0
0
0
10
33
0
0
0
0
0
0
0
0
0
4
56
109
139
