MyRun21CtM004C03   23 Aug 2016
2875
1
1400
0
0
0
0
0
0
0
0
0
0
0
0
0
0
0
0
0
0
0
0
0
0
0
0
0
0
0
0
0
0
0
0
0
0
0
0
0
0
0
0
0
0
0
0
0
0
0
0
0
0
0
0
0
0
0
0
0
0
0
3
0
0
0
0
0
0
0
0
0
0
0
0
0
0
0
0
0
0
0
0
0
0
0
0
0
0
0
0
0
0
0
2
0
0
0
0
0
0
0
0
0
0
0
0
0
0
0
0
0
0
0
0
0
2
0
3
0
0
0
0
0
0
0
0
0
0
0
0
0
0
0
0
0
0
0
0
0
0
0
0
0
0
0
0
0
0
0
0
0
0
0
0
0
0
0
0
0
0
0
0
0
0
0
0
0
0
0
0
0
0
0
0
0
0
0
0
0
0
0
0
0
0
0
0
0
0
0
0
0
0
0
0
0
0
0
0
0
0
0
0
0
0
0
0
0
0
0
0
0
0
0
0
0
0
0
0
0
0
0
3
0
3
0
3
0
0
0
0
0
0
0
0
0
0
0
0
0
0
0
0
0
0
0
0
0
0
0
0
2
0
0
0
0
0
0
0
0
0
0
0
0
0
0
0
0
0
0
0
0
0
0
0
0
0
0
0
0
0
0
0
0
0
0
0
0
0
0
0
0
0
0
2
0
0
0
0
0
0
0
0
0
0
0
0
0
5
0
0
0
0
0
0
0
0
0
0
0
0
0
0
0
0
0
0
0
0
0
0
0
0
0
0
0
0
0
0
3
0
0
0
3
0
0
0
0
0
0
0
0
0
3
2
0
0
0
0
0
0
3
0
0
0
0
0
0
0
0
0
0
0
0
0
0
0
0
0
0
0
0
0
0
0
0
0
0
0
0
0
0
0
0
0
0
0
0
0
0
0
0
0
0
0
0
0
0
0
0
0
0
0
0
3
2
0
0
0
0
0
0
2
5
3
0
0
0
0
0
5
0
0
0
2
0
0
0
0
0
0
0
0
5
0
5
2
0
0
0
0
0
0
0
0
0
0
0
0
0
0
0
0
0
0
0
0
0
0
0
0
0
0
0
0
0
0
0
2
0
3
0
0
4
0
0
0
0
0
2
0
0
0
0
0
0
0
0
0
0
0
0
0
0
0
0
0
0
0
0
0
0
0
0
0
0
0
2
0
0
0
0
0
0
0
0
2
3
0
0
0
0
0
0
0
0
0
0
0
0
0
0
0
0
0
0
0
0
0
0
0
0
0
0
0
0
0
0
3
0
0
0
0
0
3
0
0
0
0
0
0
0
0
0
0
0
0
2
0
0
7
0
0
3
2
0
0
0
0
0
0
0
0
0
0
0
0
0
0
0
0
0
0
0
0
0
0
2
0
3
0
0
0
0
0
2
0
0
0
0
0
0
0
0
0
0
2
2
0
0
0
0
0
0
0
0
0
0
0
0
0
0
0
0
0
0
0
0
2
2
0
0
0
0
0
0
0
0
0
0
0
0
0
0
0
0
0
7
5
0
0
0
3
0
0
0
0
0
0
2
0
0
0
0
0
0
0
0
0
0
0
0
0
0
0
0
0
0
0
0
0
0
0
0
0
0
0
0
0
3
0
0
0
5
0
0
0
0
3
0
0
0
0
0
0
0
0
0
0
5
0
0
2
0
0
0
0
0
0
0
2
0
0
0
0
0
0
0
0
0
0
0
0
2
0
0
0
0
0
0
0
0
0
0
0
2
0
0
0
0
0
0
0
2
0
0
0
0
0
0
0
2
0
3
3
4
4
0
0
0
0
3
5
0
0
0
0
0
0
0
2
0
0
0
0
0
0
0
0
0
3
0
0
0
0
16
0
0
0
0
0
0
0
0
4
0
3
0
0
0
0
0
0
2
13
2
24
0
0
2
0
0
21
24
3
0
0
0
0
14
4
0
37
0
0
9
32
40
13
5
0
0
0
0
0
0
8
0
0
0
0
0
0
0
0
0
0
0
0
0
0
0
0
0
0
5
20
0
5
15
38
0
0
0
0
0
0
0
0
0
0
0
0
0
0
0
0
0
0
0
0
0
0
0
0
0
0
0
0
0
0
0
0
0
0
0
0
0
0
0
0
0
0
0
45
51
17
5
30
5
23
5
41
82
50
68
43
9
57
62
41
20
22
62
57
62
6
13
16
0
2
0
8
7
29
37
39
24
14
18
42
5
2
0
0
0
0
0
0
0
2
8
0
0
0
0
23
11
7
23
46
10
26
8
3
35
23
6
14
13
25
68
23
2
5
0
9
3
0
3
2
0
13
0
10
15
0
20
18
14
18
18
41
26
68
49
47
50
18
20
30
24
41
35
28
21
36
32
19
27
20
39
33
46
39
70
47
18
36
43
11
34
11
41
38
32
32
8
29
36
17
50
27
55
20
33
31
31
31
29
28
26
20
39
14
27
35
56
54
0
0
0
0
0
0
0
0
0
0
0
0
0
0
0
0
0
0
0
0
0
0
0
0
0
0
0
0
0
0
0
0
0
0
0
0
0
0
0
0
0
0
0
0
0
0
0
0
0
0
0
0
0
0
0
0
0
0
0
0
0
0
0
0
0
0
0
0
0
0
0
0
0
0
0
0
0
0
0
0
0
0
0
0
0
0
0
0
0
0
0
0
0
0
0
0
0
0
0
0
0
0
0
0
0
0
0
0
0
0
0
0
0
0
0
0
0
0
0
0
0
0
0
0
0
0
0
2
2
3
0
15
0
0
9
0
0
0
0
0
0
0
0
0
0
0
0
0
0
0
0
0
0
0
0
0
0
0
0
0
0
2
5
10
67
8
0
0
0
0
0
0
3
0
0
0
0
0
0
0
0
0
0
0
0
0
0
0
0
0
0
0
0
0
0
0
0
0
0
0
0
24
26
17
5
0
0
0
6
0
0
0
0
0
0
0
2
0
0
0
3
0
0
0
0
0
0
0
2
0
0
0
2
0
0
2
0
0
0
0
0
0
0
0
2
0
2
0
22
16
6
0
0
0
0
0
0
0
0
0
0
0
0
0
0
0
0
0
5
19
50
13
49
0
0
0
0
0
0
0
0
0
0
0
36
15
5
0
0
0
0
0
0
0
0
0
0
0
0
0
0
0
0
4
24
23
3
0
0
3
0
21
38
22
9
33
6
0
5
0
2
26
22
9
31
35
5
5
0
0
0
0
0
20
17
0
0
2
3
13
8
41
46
30
4
0
4
3
0
0
0
0
0
0
2
9
0
0
27
57
29
7
26
35
6
28
25
76
40
9
19
40
29
29
13
0
26
35
0
0
15
2
0
3
9
49
20
14
8
14
13
6
6
0
0
2
11
30
13
0
0
0
0
3
0
0
0
0
0
9
2
0
0
0
0
0
0
0
10
19
6
8
8
0
0
0
0
0
0
0
0
0
0
9
17
0
0
0
0
0
10
7
24
14
0
0
0
0
0
0
0
0
0
0
0
0
6
9
15
14
2
0
14
0
0
0
0
2
9
28
11
6
0
0
0
0
0
0
0
0
0
2
0
14
16
3
42
12
0
0
0
0
0
0
0
0
0
0
0
0
0
0
0
0
0
0
0
0
0
0
0
0
0
0
0
6
2
2
0
15
5
14
22
0
4
5
0
0
0
0
0
0
0
0
0
0
0
0
0
0
0
0
0
0
0
0
0
0
0
0
18
15
13
6
0
0
0
0
0
0
0
0
0
0
0
0
0
0
0
0
0
0
0
16
0
0
0
0
0
0
0
0
0
0
0
0
0
0
0
0
0
0
0
0
0
3
0
0
25
31
18
5
0
6
0
0
0
0
0
0
5
2
0
3
0
0
0
0
0
0
0
0
6
5
3
0
0
0
8
3
33
18
3
3
0
0
0
0
0
0
12
0
22
51
17
6
7
7
7
6
44
22
23
7
13
5
10
2
0
8
2
31
9
0
6
0
0
3
5
2
3
2
23
40
23
31
5
0
0
11
29
33
25
47
55
35
11
3
29
13
6
0
0
17
8
28
21
41
28
30
34
10
29
30
46
5
54
27
12
62
25
29
44
31
33
24
40
33
29
32
28
31
20
25
26
27
8
8
0
0
11
23
26
31
3
0
8
3
0
8
0
0
0
0
0
0
0
0
0
0
0
0
2
0
0
0
0
0
0
0
0
0
0
0
0
0
0
0
0
0
0
0
0
0
0
0
0
0
0
0
0
0
0
0
0
0
0
0
0
0
0
0
0
0
0
0
0
0
0
0
0
0
0
0
0
0
0
0
0
0
0
0
0
0
0
0
0
0
0
0
0
0
0
0
3
0
0
0
0
0
0
0
0
0
0
0
0
0
0
0
0
0
0
0
0
0
0
0
0
0
0
0
0
0
0
0
0
0
0
0
0
0
0
0
0
0
0
3
0
0
0
0
0
0
0
0
0
0
0
0
0
0
0
0
0
0
0
0
0
0
0
0
0
0
0
5
0
0
0
0
0
0
0
0
0
0
0
0
0
0
0
3
0
0
0
0
2
0
0
8
2
0
2
3
0
0
0
0
0
0
0
0
0
0
2
0
0
0
0
0
0
0
0
0
0
0
0
0
0
0
0
0
0
0
0
0
0
0
0
0
0
0
0
0
0
0
0
0
0
0
0
0
0
0
0
0
0
0
0
0
0
0
0
0
0
0
0
0
0
0
0
0
0
0
0
0
0
0
0
0
0
0
2
0
0
7
22
0
0
0
0
0
0
0
0
0
0
0
0
0
0
0
0
0
0
0
0
0
0
0
0
0
0
0
0
0
0
0
0
0
0
0
0
0
0
0
0
0
0
0
0
0
0
0
0
0
0
14
0
5
15
35
0
0
21
3
0
3
0
0
2
23
31
0
0
0
0
5
32
50
52
10
32
0
5
6
11
0
0
0
0
0
0
40
51
24
30
43
31
17
6
38
9
0
9
21
15
0
0
0
0
0
0
0
0
0
21
20
6
28
0
12
12
58
23
2
0
0
4
2
0
0
2
7
8
2
17
28
3
0
0
0
0
0
0
7
44
8
0
0
2
0
0
2
6
0
0
0
0
0
0
3
3
9
0
0
0
0
0
0
0
0
0
16
22
17
11
19
20
5
2
19
0
0
0
0
0
0
0
0
0
0
0
0
0
0
0
0
0
0
0
0
0
0
0
0
0
0
0
0
0
0
0
0
0
0
0
0
0
0
0
0
0
0
0
0
0
0
0
0
0
0
0
0
0
0
0
0
0
0
0
0
0
0
0
0
2
25
0
0
0
0
0
3
0
0
2
2
0
0
12
27
47
11
3
0
0
0
0
0
0
0
0
0
0
0
0
30
5
6
0
0
0
0
0
0
0
0
0
0
0
0
0
0
0
0
0
0
0
0
0
0
0
0
0
0
0
0
0
0
0
0
0
0
3
16
26
0
0
0
0
2
0
5
5
5
0
0
0
0
0
0
0
0
0
0
0
0
0
0
0
0
0
0
0
10
0
3
7
4
7
0
0
0
0
0
0
0
0
0
0
5
0
24
16
11
11
0
0
0
0
0
5
0
0
0
5
17
0
2
5
20
11
0
0
0
16
0
0
0
7
0
0
0
0
0
0
0
0
26
17
14
29
19
35
21
30
48
23
29
38
25
9
14
12
0
6
0
0
0
0
18
28
19
19
26
43
28
42
44
24
36
40
31
20
48
3
0
33
30
17
23
12
23
21
8
34
13
19
21
17
3
0
0
3
0
0
0
2
0
2
12
21
17
7
0
4
3
3
2
2
0
5
0
0
0
0
0
0
0
0
0
0
0
0
0
0
0
0
0
0
0
0
0
0
0
0
0
0
0
0
0
0
0
0
0
0
0
0
0
0
0
0
0
0
0
0
0
0
0
0
0
0
0
0
0
0
0
0
0
0
0
0
0
0
0
0
0
0
0
0
0
0
0
0
0
0
0
0
0
0
0
0
0
0
0
0
0
0
0
0
0
0
0
0
0
0
0
0
0
0
0
0
0
0
0
0
0
0
0
0
0
0
0
0
0
0
0
0
0
0
0
0
0
0
0
0
0
0
0
0
0
0
0
0
0
0
0
0
0
0
0
0
0
0
0
0
0
0
0
0
0
0
0
0
0
0
0
0
0
0
0
0
0
0
0
0
0
0
0
0
0
0
0
0
2
0
0
0
0
0
3
0
0
0
0
0
0
0
0
0
0
0
0
0
0
0
3
6
0
0
0
0
0
0
0
0
0
0
0
0
0
4
0
0
0
0
0
0
0
0
0
0
0
0
0
0
0
2
0
0
0
0
0
0
0
0
0
0
0
0
0
0
0
0
0
0
0
0
0
0
0
0
0
0
0
0
0
0
0
0
0
0
0
0
0
0
0
0
0
0
0
0
0
0
0
0
0
0
0
0
0
0
0
0
0
0
0
0
0
0
0
3
0
0
0
0
0
0
0
0
3
0
0
0
0
0
0
0
0
0
0
0
0
0
0
0
0
0
0
0
0
0
0
0
0
0
0
0
