MyRun11CtM003C24   23 Aug 2016
2875
1
1400
21
63
7
26
2
23
9
29
2
8
3
21
10
11
9
0
0
0
0
0
0
0
0
0
0
0
0
0
0
0
0
0
0
0
0
0
0
0
0
12
0
0
0
2
0
0
0
0
0
0
0
0
0
0
0
0
11
0
0
2
0
0
0
0
0
0
0
0
0
0
0
0
0
0
0
0
0
0
0
0
0
0
0
0
0
0
0
0
0
0
0
0
0
0
0
0
0
0
13
0
2
0
0
0
0
0
0
0
0
0
0
0
0
0
0
0
0
3
0
2
11
19
9
31
98
69
84
39
53
86
55
33
72
45
5
18
46
26
52
71
21
5
3
11
3
0
0
0
0
0
0
0
3
2
2
0
0
18
3
2
55
107
84
62
60
74
59
41
27
23
8
0
0
12
51
34
2
15
76
95
87
71
73
42
0
0
2
0
0
11
2
10
0
0
0
0
0
0
0
0
0
0
0
0
0
0
9
0
0
0
0
0
0
0
11
0
0
0
0
0
0
0
0
0
0
0
0
0
0
0
0
0
0
0
0
0
0
0
0
0
0
10
0
0
0
0
0
0
0
0
0
0
0
0
0
0
0
0
0
8
0
0
0
0
0
0
0
0
0
0
0
0
7
2
2
5
7
33
22
3
8
0
0
0
0
0
0
0
0
0
0
0
0
0
0
0
0
0
0
0
0
0
0
0
0
0
0
0
0
0
0
0
0
0
0
0
0
0
0
0
0
0
0
0
0
0
0
0
0
0
0
0
0
0
0
0
0
0
0
0
0
0
0
0
0
0
0
0
0
0
0
0
0
0
0
0
0
0
0
0
0
0
0
0
0
0
0
0
0
0
0
0
0
0
0
0
0
0
0
0
0
0
13
7
24
9
3
10
0
8
20
7
2
0
5
0
7
0
0
0
0
0
0
0
0
0
0
0
0
0
0
0
0
0
0
0
0
0
0
0
0
0
0
0
0
0
0
0
0
0
0
0
11
0
0
0
0
8
0
0
0
0
0
0
0
0
0
0
0
2
0
0
7
15
2
0
8
22
2
3
0
0
0
0
0
0
0
0
0
0
0
0
0
0
12
0
10
0
0
0
0
0
0
0
0
11
0
0
0
0
0
0
0
0
0
0
0
0
0
0
0
0
0
0
0
0
0
11
18
0
0
5
0
28
41
44
3
0
0
73
52
48
84
49
64
25
50
13
0
0
0
0
0
0
0
0
0
0
0
0
0
12
0
0
0
0
0
0
0
0
0
0
0
0
0
0
0
2
0
0
0
0
0
15
19
3
6
16
0
0
0
0
0
0
0
0
0
0
0
0
0
0
0
0
0
0
0
0
0
0
0
0
0
0
0
0
0
0
0
0
0
0
0
0
0
0
0
0
0
0
0
0
0
0
0
2
0
0
0
12
0
0
0
0
0
0
0
0
0
0
0
0
0
0
0
0
0
0
0
0
0
0
0
8
0
0
0
0
0
0
0
0
0
0
0
0
0
0
0
0
0
0
0
0
0
0
0
0
0
0
0
0
0
0
0
0
0
0
0
0
2
0
0
0
51
31
3
0
0
0
0
0
0
0
0
0
0
0
0
0
0
0
0
0
0
0
0
0
0
0
0
0
0
0
0
0
0
0
0
0
0
0
0
0
0
0
0
0
0
0
0
0
0
0
0
0
0
0
0
7
0
0
0
0
4
4
0
0
0
0
0
0
0
0
0
0
0
7
12
6
0
0
0
0
0
0
0
0
0
0
0
0
0
0
12
2
0
0
0
0
0
0
0
0
0
0
0
7
0
0
0
0
0
0
0
0
6
0
0
0
0
0
0
3
7
0
0
0
0
0
0
0
0
0
0
0
0
4
2
0
0
0
0
2
0
0
0
0
0
0
0
0
0
0
0
0
0
0
0
0
0
0
0
0
0
0
0
0
0
0
0
0
0
0
0
0
0
0
0
0
0
3
0
0
0
0
0
0
0
0
0
12
0
0
0
10
0
0
0
0
0
0
0
0
0
0
0
0
0
0
0
0
0
14
6
5
9
12
3
8
13
9
15
15
0
11
3
11
8
20
0
13
5
0
0
0
0
0
0
0
0
0
0
0
0
7
0
3
5
30
12
0
0
0
0
0
0
0
0
0
0
0
0
10
2
0
0
0
0
0
0
0
0
8
7
25
6
3
7
104
82
62
23
56
39
10
0
0
0
14
36
71
3
19
2
26
31
35
74
91
94
100
25
46
42
42
30
26
9
0
13
37
31
60
8
29
6
51
0
48
15
18
2
0
0
0
17
13
0
0
2
0
0
0
0
0
0
0
0
0
0
0
0
0
0
0
0
0
0
0
0
0
0
0
0
0
0
0
11
0
0
0
0
0
0
0
0
0
0
0
0
0
0
0
0
0
0
0
0
0
0
0
0
0
0
2
0
0
0
0
0
0
0
2
0
0
0
0
0
0
0
0
0
0
0
0
0
0
0
0
0
0
0
0
0
0
0
0
0
0
0
0
0
0
0
0
0
0
0
0
0
0
0
0
0
0
0
0
0
0
0
0
0
0
0
0
0
0
0
0
0
0
0
0
0
0
0
0
0
0
0
0
0
0
0
0
0
0
0
0
0
0
0
0
0
0
0
0
0
0
0
0
0
0
0
0
0
0
6
0
0
0
0
0
0
0
0
11
0
0
0
0
0
0
5
5
0
0
0
0
0
0
0
0
0
0
7
0
0
0
7
0
2
0
0
0
0
0
0
0
0
0
0
0
0
0
0
0
0
0
0
0
0
0
0
0
0
0
0
2
0
0
7
0
0
0
0
0
0
13
6
0
0
0
0
0
0
0
0
0
0
0
0
0
0
0
0
0
0
7
0
0
0
10
0
0
0
0
0
0
0
10
0
0
0
0
0
2
2
3
9
3
16
0
12
6
6
0
0
0
0
0
0
0
0
0
0
0
0
0
0
0
0
0
0
0
0
12
2
0
0
0
0
0
0
0
9
23
0
0
0
2
0
0
0
0
0
0
0
0
0
0
0
0
0
0
0
0
0
0
0
11
0
0
0
0
0
9
0
0
0
0
0
0
0
0
0
0
0
0
0
0
25
23
0
0
0
0
0
0
0
0
7
19
17
0
0
3
3
0
0
0
0
0
0
0
0
0
0
0
23
10
0
0
50
65
16
15
3
5
0
0
0
0
0
0
0
12
0
9
6
3
0
0
0
0
0
0
0
0
0
0
2
0
0
13
2
0
11
5
15
0
5
0
11
0
14
5
0
0
0
0
0
12
8
3
0
0
0
0
0
0
0
0
0
0
0
0
11
2
0
0
0
0
0
0
0
0
0
11
20
18
6
3
0
0
0
0
0
0
0
0
5
0
2
0
3
0
0
0
0
0
0
0
0
0
0
0
0
0
0
0
0
0
0
0
0
0
0
0
0
0
0
0
0
0
0
0
0
30
19
0
0
0
0
0
0
0
3
0
0
0
0
0
0
0
0
0
6
6
12
10
0
2
0
0
14
0
0
0
0
0
0
0
0
0
0
0
0
0
0
0
0
0
4
0
0
0
7
0
0
0
6
0
0
0
0
0
0
0
0
4
5
0
0
0
0
0
0
0
0
0
0
3
4
7
12
4
2
5
0
0
0
0
0
0
0
0
0
0
14
5
8
3
0
0
0
0
0
0
0
0
0
0
3
0
0
0
0
0
0
0
0
0
0
0
0
0
0
0
0
0
0
0
0
0
0
0
0
0
0
10
2
0
0
11
28
0
0
0
10
2
0
0
0
0
0
0
0
0
15
20
0
0
0
0
0
0
0
0
2
0
2
5
0
0
0
0
0
0
0
24
21
14
0
2
0
0
24
62
17
11
0
13
11
36
31
0
0
9
0
18
0
0
42
12
30
19
86
36
63
8
42
15
62
11
6
15
16
24
0
9
0
6
2
0
21
5
25
19
20
31
0
23
83
75
39
8
26
11
19
3
86
19
96
51
10
11
34
60
39
72
87
25
30
59
14
56
52
19
43
28
28
11
95
15
53
42
61
73
15
48
62
0
57
15
36
26
27
25
42
15
29
8
25
15
0
0
0
0
3
0
0
0
0
0
0
0
0
0
0
0
0
0
0
0
0
0
0
0
0
0
0
0
0
0
0
0
0
0
0
0
0
0
0
0
0
0
0
0
0
0
0
0
0
0
0
0
0
0
0
0
0
0
0
0
0
0
0
0
0
0
0
0
0
0
0
0
0
0
0
0
0
0
0
0
0
0
0
0
0
0
0
0
0
0
0
0
0
0
0
0
0
0
0
0
0
0
0
0
0
0
0
0
0
0
0
0
0
0
0
0
0
0
0
0
0
0
0
0
0
0
0
0
0
0
0
0
0
0
0
0
0
0
0
14
0
0
0
0
0
0
0
0
0
0
0
0
0
0
0
0
0
0
0
6
2
0
0
0
0
7
4
0
0
0
0
0
0
0
0
0
0
0
0
0
0
0
0
0
0
0
0
0
8
0
0
0
0
0
0
0
0
0
0
0
0
0
0
2
0
0
0
0
0
0
0
0
0
0
0
0
0
0
10
0
21
25
8
2
10
3
0
0
0
0
8
0
5
0
0
0
0
0
0
0
3
0
0
0
0
0
0
0
0
0
0
0
0
0
0
0
0
0
0
0
0
0
0
0
0
0
0
0
0
0
0
0
0
0
0
0
0
0
0
20
0
0
0
0
0
0
2
2
14
9
17
6
0
6
0
14
31
11
9
14
0
0
11
0
0
0
0
0
0
0
0
0
0
0
0
0
0
0
0
8
0
0
0
8
0
0
0
0
0
0
0
0
0
0
0
0
0
9
0
6
5
0
0
0
0
0
7
6
0
7
6
2
0
26
7
0
11
0
0
0
2
0
0
0
0
0
0
0
0
0
0
0
0
0
0
0
0
0
0
0
0
0
0
0
0
0
0
0
0
0
0
0
0
0
0
0
0
0
0
0
0
0
0
0
0
0
10
2
0
0
0
19
12
12
16
6
3
3
0
0
0
8
5
0
0
0
0
0
0
0
0
0
0
0
2
0
0
0
0
0
5
0
0
0
0
0
0
0
0
0
0
0
0
0
9
0
5
0
0
0
0
0
0
0
0
0
0
0
0
0
11
0
0
0
0
0
0
8
0
0
0
0
0
0
0
2
0
0
0
0
0
0
0
0
0
0
0
0
3
0
0
0
0
0
0
0
0
0
0
0
0
0
0
0
0
0
0
0
0
0
0
0
0
0
0
0
0
0
0
0
0
0
0
0
0
0
0
0
0
0
0
0
0
0
0
0
0
0
0
0
0
8
8
5
9
7
3
14
14
46
21
6
9
0
2
0
0
0
0
33
12
9
0
9
11
0
0
0
0
0
0
0
0
12
13
6
0
0
0
0
0
0
0
4
0
0
12
17
0
0
0
0
33
13
82
80
60
62
82
10
0
22
0
0
0
0
0
6
2
2
0
0
0
0
0
0
0
0
0
3
3
14
13
0
0
0
13
14
0
0
19
0
0
0
33
34
9
18
0
2
11
47
70
9
81
97
47
13
19
59
22
18
19
37
9
44
81
76
31
71
60
33
41
64
102
46
59
50
36
14
17
67
99
48
84
70
62
77
69
52
36
20
56
51
75
66
77
30
68
12
17
22
41
62
4
24
84
13
39
32
61
19
9
65
33
68
45
107
76
55
23
8
0
0
0
0
0
0
0
0
0
0
0
0
0
0
0
0
0
0
0
0
0
0
0
0
4
0
0
0
0
0
0
0
0
0
0
0
0
0
0
0
0
0
9
0
0
0
0
0
0
0
0
0
0
0
0
0
0
0
0
0
0
0
0
0
0
0
0
0
0
0
0
0
0
0
0
0
0
0
0
0
0
0
0
0
0
0
0
0
0
0
0
0
0
0
0
0
0
0
0
0
0
0
0
0
0
2
0
0
0
0
0
0
0
0
0
0
2
0
0
0
0
0
0
0
0
0
0
0
0
0
0
0
0
0
0
0
0
0
0
0
0
11
0
0
0
22
3
0
0
0
0
0
0
0
0
0
0
0
0
0
0
10
2
0
2
0
0
0
0
0
0
0
0
0
0
0
0
0
0
0
0
0
2
0
0
0
0
0
0
0
0
0
0
0
0
0
0
0
0
0
0
0
0
0
0
0
0
0
0
0
0
0
0
0
0
0
0
0
0
0
0
11
0
0
0
0
0
0
0
0
0
0
0
0
0
0
0
13
0
0
2
0
0
0
0
0
0
0
0
2
0
6
0
0
0
0
0
0
0
0
0
0
0
0
0
0
0
0
0
0
0
0
0
5
2
2
0
0
0
0
0
0
0
7
4
0
0
0
2
0
0
11
2
5
0
0
0
0
0
0
0
0
0
0
10
2
0
3
0
0
0
0
0
0
0
2
0
0
0
0
0
0
0
0
0
0
28
0
0
13
0
0
0
0
0
0
0
0
0
0
6
3
0
0
0
6
3
0
0
0
0
0
0
0
2
10
0
