MyRun30CtM001C03   08 Nov 2016
624
30
0930
0
12
6
10
0
2
8
114
115
103
113
93
164
149
100
131
159
174
216
124
152
163
162
142
185
36
5
10
3
0
15
5
10
2
4
5
2
0
22
13
3
38
126
59
83
41
93
36
79
152
138
79
102
58
69
13
92
69
0
3
117
135
4
112
108
144
117
116
150
164
133
91
185
24
24
5
7
6
27
0
12
7
8
5
16
14
10
8
17
52
122
52
120
102
71
128
59
124
80
80
122
109
77
6
72
52
50
81
41
0
42
78
58
71
76
98
111
148
91
125
152
56
10
14
0
2
0
26
15
4
12
16
0
12
7
17
7
75
16
143
13
83
44
106
67
139
158
54
96
56
56
22
54
10
8
6
0
43
78
4
104
33
28
137
61
95
96
62
128
161
183
16
127
0
17
0
2
0
15
15
8
12
0
18
16
17
24
84
39
66
22
59
12
123
76
49
82
11
65
0
5
61
53
12
0
29
10
0
56
109
114
70
64
103
64
102
86
80
40
22
8
12
12
11
0
16
27
8
24
22
23
5
18
16
31
75
39
142
80
151
77
130
135
40
7
85
119
7
5
11
71
46
34
0
31
30
135
65
86
104
86
88
118
118
119
47
24
38
2
3
8
3
2
2
17
7
21
2
7
11
20
44
47
86
2
49
107
18
72
126
124
51
0
42
42
39
5
6
8
57
17
0
0
26
64
99
62
89
83
101
69
130
92
125
61
30
4
18
0
19
12
3
25
0
16
5
27
6
6
46
71
64
35
6
29
35
7
33
52
18
41
7
54
21
43
39
57
47
12
35
40
22
35
30
44
31
68
69
19
64
67
49
108
46
70
38
61
12
58
38
13
95
4
10
6
4
7
5
89
33
8
82
25
49
0
18
5
31
2
27
13
19
7
0
19
14
0
0
21
23
14
22
25
40
21
77
61
12
79
74
98
46
0
6
16
6
5
14
0
12
20
6
7
19
15
85
16
70
26
9
29
29
19
19
24
24
12
7
11
77
25
56
43
0
0
17
25
23
25
61
44
31
33
92
38
105
54
34
92
10
12
3
0
2
5
5
0
7
37
4
10
4
10
43
71
29
0
0
9
33
29
68
51
114
51
101
92
42
20
50
74
54
53
72
36
81
95
61
58
135
96
117
111
148
98
97
67
74
11
4
0
0
9
11
0
2
3
7
2
5
11
16
83
83
112
79
102
128
120
96
89
93
87
124
55
105
81
56
8
66
105
58
55
0
64
90
108
50
87
96
107
114
115
151
130
146
100
64
95
30
36
33
60
52
22
58
61
32
36
65
47
90
96
24
51
56
55
87
39
99
157
127
94
105
143
119
94
184
115
152
168
159
113
88
130
133
86
54
42
46
37
5
2
8
0
4
0
0
0
0
2
0
0
0
0
0
0
0
0
0
0
0
0
0
