MyRun30CtM001C32   08 Nov 2016
624
30
0930
11
3
15
0
14
5
35
16
35
41
5
2
16
40
13
29
67
20
43
38
4
27
23
44
28
43
49
14
26
13
33
14
19
5
22
30
15
34
27
18
42
88
34
38
18
25
34
8
28
29
14
28
14
31
26
30
23
27
24
13
47
56
43
9
62
62
71
44
32
56
93
145
89
56
39
102
59
84
44
55
67
45
34
55
49
72
26
41
30
25
59
60
16
61
70
70
91
101
32
40
50
38
3
60
58
41
39
18
44
44
76
55
128
74
86
83
112
99
142
53
151
111
116
33
17
28
4
61
28
5
47
26
57
34
14
30
6
57
34
88
42
39
35
26
96
49
101
73
63
24
40
36
59
31
41
42
19
16
74
73
78
105
70
54
49
79
80
101
62
150
160
112
49
54
28
20
7
27
13
31
23
44
23
35
2
63
38
44
65
102
136
59
48
41
24
50
69
36
44
31
79
53
75
30
131
91
96
58
31
7
2
52
35
21
39
71
110
156
57
50
26
22
40
46
22
38
52
59
38
79
37
11
19
13
46
78
157
133
102
96
42
80
17
38
74
93
25
114
33
56
57
202
36
61
171
115
82
112
152
79
156
110
180
145
138
110
165
226
191
95
114
51
91
57
23
28
30
73
14
189
85
32
17
108
147
229
251
109
207
98
52
106
11
29
37
78
10
21
100
22
44
36
51
9
48
58
96
111
68
69
63
28
119
170
71
113
70
54
65
7
0
0
0
0
0
0
0
0
0
0
0
0
0
0
0
0
0
0
0
0
0
0
0
0
0
0
0
0
0
0
0
0
0
0
0
0
0
0
0
0
0
0
0
0
0
0
0
0
0
0
0
0
0
0
0
0
0
0
0
0
0
0
0
0
0
0
0
0
0
0
0
0
0
0
0
0
0
0
0
0
0
0
0
0
0
0
0
0
0
0
0
0
0
0
0
0
0
0
0
0
0
0
0
0
0
0
0
0
0
0
0
0
0
0
0
0
0
0
0
0
0
0
0
0
0
0
0
0
0
0
0
0
0
0
0
0
0
0
0
0
0
0
0
0
0
0
0
0
0
0
0
0
0
0
0
0
0
0
0
0
0
0
0
0
0
0
0
0
0
0
0
0
0
0
0
0
0
0
0
0
0
0
0
0
0
0
0
0
0
0
0
0
0
0
0
0
0
0
0
0
0
0
0
0
0
0
0
0
0
0
0
0
0
0
0
0
0
0
0
0
0
0
0
0
0
0
0
0
0
0
0
0
0
0
0
0
0
0
0
0
0
0
0
0
0
0
0
0
0
0
0
0
0
0
0
0
0
0
0
0
0
0
0
0
0
0
0
0
0
0
0
0
0
0
0
0
0
0
0
0
0
0
0
0
0
0
0
0
0
0
0
0
0
0
0
0
0
0
0
0
0
0
0
0
