MyRun30CtM001C25   08 Nov 2016
624
30
0930
7
2
34
123
46
73
49
30
104
62
45
105
46
60
45
117
81
91
168
115
103
97
68
49
144
36
43
36
19
27
17
27
28
22
14
11
43
18
23
26
8
117
13
23
32
111
106
11
22
195
138
60
169
23
183
20
52
96
27
121
92
17
36
91
115
147
148
84
117
204
202
183
187
73
55
31
35
10
23
29
13
22
42
28
13
27
17
11
98
56
0
66
71
71
119
106
142
146
179
53
94
17
29
20
108
31
79
127
124
93
177
133
134
146
86
24
43
14
78
57
146
137
126
60
37
26
3
15
19
25
23
30
30
21
9
33
18
15
13
96
166
149
118
215
167
158
108
114
120
134
21
57
60
72
74
35
96
91
35
114
57
78
110
83
113
79
80
88
88
206
171
191
163
238
250
156
192
170
122
145
118
2
130
26
10
31
31
12
219
165
190
52
94
74
67
63
27
63
38
44
53
59
37
65
35
74
31
60
26
119
97
64
130
36
70
103
88
166
142
165
129
54
45
16
21
9
40
186
4
72
19
79
127
72
75
0
36
91
99
20
82
90
73
62
61
104
103
93
0
46
49
54
92
48
134
5
91
84
83
114
37
99
66
75
126
132
104
151
83
55
20
4
0
9
75
57
7
77
71
9
5
104
82
143
97
46
37
24
18
5
24
22
22
0
0
0
0
0
0
0
0
0
0
0
0
0
0
0
0
0
0
0
0
0
0
0
0
0
0
0
0
0
0
0
0
0
0
0
0
0
0
0
0
0
0
0
0
0
0
0
0
0
0
0
0
0
0
0
0
0
0
0
0
0
0
0
0
0
0
0
0
0
0
0
0
0
0
0
0
0
0
0
0
0
0
0
0
0
0
0
0
0
0
0
0
0
0
0
0
0
0
0
0
0
0
0
0
0
0
0
0
0
0
0
0
0
0
0
0
0
0
0
0
0
0
0
0
0
0
0
0
0
0
0
0
0
0
0
0
0
0
0
0
0
0
0
0
0
0
0
0
0
0
0
0
0
0
0
0
0
0
0
0
0
0
0
0
0
0
0
0
0
0
0
0
0
0
0
0
0
0
0
0
0
0
0
0
0
0
0
0
0
0
0
0
0
0
0
0
0
0
0
0
0
0
0
0
0
0
0
0
0
0
0
0
0
0
0
0
0
0
0
0
0
0
0
0
0
0
0
0
0
0
0
0
0
0
0
0
0
0
0
0
0
0
0
0
0
0
0
0
0
0
0
0
0
0
0
0
0
0
0
0
0
0
0
0
0
0
0
0
0
0
0
0
0
0
0
0
0
0
0
0
0
0
0
0
0
0
0
0
0
0
0
0
0
0
0
0
0
0
0
0
0
0
0
0
0
0
0
0
0
0
0
0
0
0
0
0
0
0
0
0
0
0
0
0
0
0
0
0
0
0
0
