MyRun30CtM001C20   08 Nov 2016
624
30
0930
0
32
16
3
42
0
27
0
42
53
0
18
0
53
16
62
3
59
42
26
24
48
103
0
18
4
2
14
2
0
2
0
2
0
8
2
2
5
0
12
17
4
2
25
4
10
17
29
30
29
37
49
21
20
19
62
3
46
9
0
35
0
5
13
21
28
22
33
28
33
38
59
87
0
7
0
3
0
0
2
10
0
5
0
9
0
0
3
4
0
8
3
2
2
2
2
20
87
61
29
32
20
0
25
0
3
36
14
15
0
0
0
13
36
47
11
30
14
47
36
80
9
0
2
0
3
4
0
0
4
0
3
7
2
0
5
0
2
4
7
0
14
34
0
33
52
48
77
49
4
59
10
6
18
5
12
98
3
36
2
7
37
25
263
2
47
70
120
88
25
5
0
0
0
2
3
3
4
2
4
0
5
3
2
0
4
0
0
0
0
0
14
0
72
30
7
19
43
21
3
15
18
5
28
0
38
2
14
6
7
74
19
44
36
55
43
61
24
2
0
0
5
6
0
0
0
2
7
0
9
8
0
4
2
4
0
5
13
0
12
16
60
38
62
48
9
0
5
47
3
42
26
20
3
16
5
21
29
34
13
26
67
38
51
68
9
8
0
0
4
4
0
2
0
0
0
0
0
4
9
0
3
2
0
0
7
17
0
5
24
48
13
34
10
4
13
46
13
0
20
39
20
18
3
47
2
31
32
6
44
23
31
26
60
5
8
0
5
0
0
2
7
2
8
0
0
18
4
3
2
0
0
6
0
22
24
2
53
5
6
21
33
5
10
10
11
13
0
17
33
0
2
0
5
0
60
0
9
46
63
48
95
3
4
3
4
3
2
6
5
3
0
2
9
0
0
0
7
8
0
4
15
0
0
0
43
43
18
11
23
13
31
38
38
22
25
30
22
38
2
2
27
26
44
40
37
82
68
33
43
0
0
11
0
0
11
2
8
0
3
0
6
23
0
3
2
8
0
11
0
4
4
10
87
25
37
33
31
20
47
38
33
0
22
5
7
72
28
54
51
33
33
27
6
7
10
5
2
27
0
0
0
0
0
0
0
0
0
0
0
0
0
0
0
0
0
0
0
0
0
0
0
0
0
0
0
0
0
0
0
0
0
0
0
0
0
0
0
0
0
0
0
0
0
0
0
0
0
0
0
0
0
0
0
0
0
0
0
0
0
0
0
0
0
0
0
0
0
0
0
0
0
0
0
0
0
0
0
0
0
0
0
0
0
0
0
0
0
0
0
0
0
0
0
0
0
0
0
0
0
0
0
0
0
0
0
0
0
0
0
0
0
0
0
0
0
0
0
0
0
0
0
0
0
0
0
0
0
0
0
0
0
0
0
0
0
0
0
0
0
0
0
0
0
0
0
0
0
0
0
0
0
0
0
0
0
0
0
0
0
0
0
0
0
