MyRun30CtM001C26   08 Nov 2016
624
30
0930
0
10
0
4
9
0
2
0
3
2
2
2
0
26
0
23
24
30
22
31
32
47
23
29
8
2
0
0
2
2
6
0
3
5
8
0
0
0
7
0
0
6
2
2
0
0
7
12
0
25
0
5
2
0
4
0
0
0
2
0
0
0
3
4
18
17
0
19
23
29
16
49
47
25
7
7
0
2
5
0
3
0
0
0
7
5
0
5
4
0
3
9
2
0
2
0
7
36
6
4
3
5
0
5
0
2
0
0
4
4
12
0
9
0
19
26
30
7
30
25
23
8
5
0
3
2
2
2
0
10
2
11
8
0
0
0
0
5
2
16
0
6
0
4
14
27
19
8
6
27
2
0
0
5
4
0
0
5
0
5
0
5
22
5
17
19
10
17
20
24
17
0
10
5
0
0
4
5
0
0
0
0
2
0
5
0
0
0
8
24
20
0
6
25
11
0
13
14
10
8
4
8
2
7
0
9
11
5
11
0
0
0
13
11
5
19
18
36
10
6
3
0
7
3
0
0
12
0
2
16
6
2
4
5
17
10
0
0
22
5
5
44
7
3
2
18
7
0
13
3
3
10
2
2
12
3
5
22
0
14
11
12
12
47
35
35
53
40
0
3
0
0
0
2
0
3
9
0
5
7
9
0
0
13
7
7
0
0
4
20
0
6
21
2
0
0
7
0
3
0
7
0
10
9
0
0
2
10
29
23
20
15
48
40
11
0
0
0
0
0
10
3
0
15
0
4
0
0
2
13
4
16
23
22
26
10
22
11
15
20
0
0
0
0
0
4
0
9
2
0
0
14
4
54
11
0
4
12
54
21
57
58
46
81
17
2
0
0
0
9
0
0
0
2
0
0
0
14
0
13
5
11
0
14
5
24
15
13
0
0
0
0
9
4
0
0
11
0
5
0
7
3
0
31
24
0
0
0
3
43
42
2
0
8
0
3
0
15
0
0
2
0
15
0
11
2
20
0
0
17
8
14
20
7
15
7
12
6
25
0
0
2
25
5
0
5
2
12
0
41
0
11
19
5
28
29
13
50
23
13
35
14
0
46
9
16
12
11
3
9
0
0
11
0
7
13
18
14
17
4
5
25
25
8
18
21
10
27
30
37
14
42
57
35
36
56
53
40
68
62
65
62
56
55
21
0
0
4
0
0
0
0
0
0
0
0
0
0
0
0
0
0
0
0
0
0
0
0
0
0
0
0
0
0
0
0
0
0
0
0
0
0
0
0
0
0
0
0
0
0
0
0
0
0
0
0
0
0
0
0
0
0
0
0
0
0
0
0
0
0
0
0
0
0
0
0
0
0
0
0
0
0
0
0
0
0
0
0
0
0
0
0
0
0
0
0
0
0
0
0
0
0
0
0
0
0
0
0
0
0
0
0
0
0
0
0
0
0
0
0
0
0
0
0
