MyRun30CtM001C10   08 Nov 2016
624
30
0930
0
16
8
27
31
47
46
90
13
185
21
127
39
154
69
132
93
151
131
205
251
212
208
259
153
190
0
0
0
0
0
0
6
10
17
9
0
8
4
3
13
172
309
123
135
217
214
226
158
168
94
54
36
48
61
59
30
23
0
135
94
56
23
97
76
186
191
134
169
247
246
221
258
59
32
38
4
4
10
12
2
23
14
18
6
17
5
15
5
12
9
38
143
114
243
127
262
142
124
157
41
18
162
125
141
51
0
53
49
94
30
0
156
41
138
162
68
200
194
222
226
252
35
11
13
18
5
15
13
11
0
33
0
7
3
0
29
0
0
31
239
124
209
109
174
194
180
132
60
159
199
118
109
27
15
38
0
19
67
0
6
52
97
95
111
108
130
162
189
372
372
320
241
244
70
9
10
7
0
12
0
0
17
5
6
0
5
8
144
82
194
0
222
224
165
68
122
170
87
179
114
51
93
27
14
89
133
0
60
115
178
164
126
192
179
217
254
362
316
314
291
233
267
275
43
222
213
381
208
220
272
300
340
324
227
264
161
209
131
29
0
4
2
0
0
0
0
0
0
0
0
0
0
0
0
0
0
0
0
0
0
0
0
0
0
0
0
0
0
0
0
0
0
0
0
0
0
0
0
0
0
0
0
0
0
0
0
0
0
0
0
0
0
0
0
0
0
0
0
0
0
0
0
0
0
0
0
0
0
0
0
0
0
0
0
0
0
0
0
0
0
0
0
0
0
0
0
0
0
0
0
0
0
0
0
0
0
0
0
0
0
0
0
0
0
0
0
0
0
0
0
0
0
0
0
0
0
0
0
0
0
0
0
0
0
0
0
0
0
0
0
0
0
0
0
0
0
0
0
0
0
0
0
0
0
0
0
0
0
0
0
0
0
0
0
0
0
0
0
0
0
0
0
0
0
0
0
0
0
0
0
0
0
0
0
0
0
0
0
0
0
0
0
0
0
0
0
0
0
0
0
0
0
0
0
0
0
0
0
0
0
0
0
0
0
0
0
0
0
0
0
0
0
0
0
0
0
0
0
0
0
0
0
0
0
0
0
0
0
0
0
0
0
0
0
0
0
0
0
0
0
0
0
0
0
0
0
0
0
0
0
0
0
0
0
0
0
0
0
0
0
0
0
0
0
0
0
0
0
0
0
0
0
0
0
0
0
0
0
0
0
0
0
0
0
0
0
0
0
0
0
0
0
0
0
0
0
0
0
0
0
0
0
0
0
0
0
0
0
0
0
0
0
0
0
0
0
0
0
0
0
0
0
0
0
0
0
0
0
0
0
0
0
0
0
0
0
0
0
0
0
0
0
0
0
0
0
0
0
0
0
0
0
0
0
0
0
0
0
0
0
0
0
0
0
0
0
0
0
0
0
0
0
0
0
0
0
0
0
0
0
0
0
0
