MyRun30CtM001C16   08 Nov 2016
624
30
0930
7
55
10
90
33
56
34
62
44
60
41
91
64
43
75
78
79
100
35
95
64
74
55
79
113
20
14
14
0
0
24
53
2
3
2
9
3
0
36
44
0
0
0
76
54
11
56
34
105
95
48
29
90
65
18
36
20
67
46
72
23
60
17
66
81
82
76
94
38
109
45
82
118
46
54
4
8
35
24
4
3
7
25
8
79
0
3
43
3
0
27
54
48
67
31
50
10
25
52
85
57
119
27
48
50
72
24
7
38
62
68
50
63
67
42
67
88
62
42
76
62
44
34
52
0
9
5
36
19
0
0
0
22
5
62
0
0
15
57
66
73
0
4
10
110
5
25
64
92
62
48
78
69
12
56
97
70
33
57
27
69
60
67
76
60
81
39
44
45
157
135
148
47
97
41
0
48
13
21
143
16
18
0
24
45
87
7
26
12
34
58
87
54
52
38
80
15
75
75
15
37
11
13
39
37
17
55
32
13
11
75
60
107
27
46
99
99
117
139
59
58
6
12
0
22
24
0
42
47
95
116
126
128
165
73
135
132
182
129
210
92
100
143
203
199
100
111
131
109
174
154
101
83
166
160
188
116
304
217
78
200
211
131
283
218
453
398
460
406
280
243
231
93
19
11
0
0
0
0
0
0
0
0
0
0
0
0
0
0
0
0
0
0
0
0
0
0
0
0
0
0
0
0
0
0
0
0
0
0
0
0
0
0
0
0
0
0
0
0
0
0
0
0
0
0
0
0
0
0
0
0
0
0
0
0
0
0
0
0
0
0
0
0
0
0
0
0
0
0
0
0
0
0
0
0
0
0
0
0
0
0
0
0
0
0
0
0
0
0
0
0
0
0
0
0
0
0
0
0
0
0
0
0
0
0
0
0
0
0
0
0
0
0
0
0
0
0
0
0
0
0
0
0
0
0
0
0
0
0
0
0
0
0
0
0
0
0
0
0
0
0
0
0
0
0
0
0
0
0
0
0
0
0
0
0
0
0
0
0
0
0
0
0
0
0
0
0
0
0
0
0
0
0
0
0
0
0
0
0
0
0
0
0
0
0
0
0
0
0
0
0
0
0
0
0
0
0
0
0
0
0
0
0
0
0
0
0
0
0
0
0
0
0
0
0
0
0
0
0
0
0
0
0
0
0
0
0
0
0
0
0
0
0
0
0
0
0
0
0
0
0
0
0
0
0
0
0
0
0
0
0
0
0
0
0
0
0
0
0
0
0
0
0
0
0
0
0
0
0
0
0
0
0
0
0
0
0
0
0
0
0
0
0
0
0
0
0
0
0
0
0
0
0
0
0
0
0
0
0
0
0
0
0
0
0
0
0
0
0
0
0
0
0
0
0
0
0
0
0
0
0
0
0
0
0
0
0
0
0
0
0
0
0
0
0
0
0
0
0
0
0
0
0
0
