MyRun30CtM001C14   08 Nov 2016
624
30
0930
12
5
76
25
0
7
5
37
40
32
22
37
50
55
72
65
69
76
54
64
68
57
67
74
41
13
2
23
11
9
5
10
17
9
15
11
20
31
3
13
15
19
21
6
30
10
49
3
42
158
71
20
46
57
24
5
82
7
31
2
51
0
79
57
43
62
63
44
61
75
89
47
51
43
41
15
37
13
22
25
6
35
5
20
26
4
26
22
8
39
35
21
0
46
10
36
30
156
75
49
56
5
74
103
26
46
21
80
11
85
57
0
81
87
89
92
59
130
106
58
117
63
65
61
10
17
34
24
19
26
44
25
80
36
14
18
30
9
18
10
32
24
0
45
89
158
75
35
118
32
150
0
47
6
10
14
17
10
134
13
18
27
96
55
55
103
59
102
71
37
24
48
17
15
11
0
10
35
9
10
2
33
2
5
5
0
5
41
14
4
0
39
10
76
81
0
0
8
30
0
53
35
0
57
8
2
60
10
43
62
21
7
73
83
60
112
43
38
37
14
12
14
10
11
6
23
30
19
23
11
8
31
5
16
25
65
2
0
35
28
2
109
53
2
73
72
3
47
27
0
66
54
63
2
23
60
13
27
13
95
42
51
70
41
48
49
41
43
19
12
32
4
15
14
37
0
16
23
11
0
33
3
6
23
3
41
2
29
22
53
0
50
2
62
41
17
59
16
15
57
28
111
39
16
54
36
32
47
54
73
60
55
51
43
16
27
16
5
0
15
0
15
11
8
5
20
2
7
23
12
4
13
8
54
69
2
60
61
95
23
48
27
6
64
25
57
0
23
24
43
49
78
29
42
38
50
63
122
97
80
116
115
74
45
77
172
242
82
62
20
50
65
53
50
26
96
226
76
59
20
2
73
2
74
108
118
79
63
58
43
78
77
73
60
71
97
43
0
78
80
69
68
31
122
106
115
107
125
98
120
130
71
105
14
66
62
3
42
98
109
60
256
188
184
263
186
232
212
167
197
0
14
15
11
10
14
0
0
0
0
0
0
0
0
0
0
0
0
0
0
0
0
0
0
0
0
0
0
0
0
0
0
0
0
0
0
0
0
0
0
0
0
0
0
0
0
0
0
0
0
0
0
0
0
0
0
0
0
0
0
0
0
0
0
0
0
0
0
0
0
0
0
0
0
0
0
0
0
0
0
0
0
0
0
0
0
0
0
0
0
0
0
0
0
0
0
0
0
0
0
0
0
0
0
0
0
0
0
0
0
0
0
0
0
0
0
0
0
0
0
0
0
0
0
0
0
0
0
0
0
0
0
0
0
0
0
0
0
0
0
0
0
0
0
0
0
0
0
0
0
0
0
0
0
0
0
0
0
0
0
0
0
0
0
0
0
0
0
0
0
0
0
0
0
0
0
0
0
0
0
0
0
0
0
0
0
0
0
0
0
0
0
0
0
