MyRun30CtM001C01   08 Nov 2016
624
30
0930
0
10
20
5
24
44
49
20
30
39
0
52
62
21
49
50
86
39
78
36
55
53
25
61
78
9
18
4
0
9
6
2
12
9
7
3
7
0
0
64
26
84
0
29
46
110
99
2
89
53
86
51
85
37
10
20
48
9
75
17
13
44
52
24
61
68
87
100
75
39
47
50
64
61
20
15
12
5
16
3
7
22
7
0
3
2
16
7
61
31
66
42
45
20
46
49
72
80
69
43
47
35
65
39
3
23
36
23
0
25
19
0
40
67
71
81
35
86
59
47
39
50
66
19
0
5
7
2
0
0
25
0
2
9
17
13
68
13
34
57
82
28
77
48
159
85
40
43
74
68
36
43
70
27
48
7
0
0
10
40
41
24
64
61
59
55
78
78
78
142
133
177
163
179
155
148
136
28
36
119
157
133
218
136
87
192
265
193
290
162
238
148
413
202
548
48
82
96
55
26
3
0
5
0
0
0
0
0
0
0
0
0
0
0
0
0
0
0
0
0
0
0
0
0
0
0
0
0
0
0
0
0
0
0
0
0
0
0
0
0
0
0
0
0
0
0
0
0
0
0
0
0
0
0
0
0
0
0
0
0
0
0
0
0
0
0
0
0
0
0
0
0
0
0
0
0
0
0
0
0
0
0
0
0
0
0
0
0
0
0
0
0
0
0
0
0
0
0
0
0
0
0
0
0
0
0
0
0
0
0
0
0
0
0
0
0
0
0
0
0
0
0
0
0
0
0
0
0
0
0
0
0
0
0
0
0
0
0
0
0
0
0
0
0
0
0
0
0
0
0
0
0
0
0
0
0
0
0
0
0
0
0
0
0
0
0
0
0
0
0
0
0
0
0
0
0
0
0
0
0
0
0
0
0
0
0
0
0
0
0
0
0
0
0
0
0
0
0
0
0
0
0
0
0
0
0
0
0
0
0
0
0
0
0
0
0
0
0
0
0
0
0
0
0
0
0
0
0
0
0
0
0
0
0
0
0
0
0
0
0
0
0
0
0
0
0
0
0
0
0
0
0
0
0
0
0
0
0
0
0
0
0
0
0
0
0
0
0
0
0
0
0
0
0
0
0
0
0
0
0
0
0
0
0
0
0
0
0
0
0
0
0
0
0
0
0
0
0
0
0
0
0
0
0
0
0
0
0
0
0
0
0
0
0
0
0
0
0
0
0
0
0
0
0
0
0
0
0
0
0
0
0
0
0
0
0
0
0
0
0
0
0
0
0
0
0
0
0
0
0
0
0
0
0
0
0
0
0
0
0
0
0
0
0
0
0
0
0
0
0
0
0
0
0
0
0
0
0
0
0
0
0
0
0
0
0
0
0
0
0
0
0
0
0
0
0
0
0
0
0
0
0
0
0
0
0
0
0
0
0
0
0
0
0
0
0
0
0
0
0
0
0
0
0
