MyRun30CtM001C31   08 Nov 2016
624
30
0930
0
6
98
42
15
13
0
0
3
4
2
66
22
15
47
27
61
17
13
44
18
57
10
36
28
7
0
5
0
0
0
0
0
14
0
0
9
0
0
0
15
73
8
62
18
15
59
32
40
36
13
26
32
0
25
22
7
19
0
0
28
42
0
39
0
0
16
40
44
40
67
6
59
15
5
6
4
0
8
0
0
0
0
0
0
14
16
0
0
4
35
21
18
9
36
56
25
30
37
9
7
48
39
0
34
10
6
2
45
13
0
33
0
65
23
0
28
71
10
76
16
43
47
0
0
0
0
0
0
9
12
0
0
9
0
2
0
10
5
52
34
78
64
53
21
5
9
22
16
5
0
70
13
8
8
7
0
16
0
27
44
28
7
14
17
28
20
17
40
136
199
159
63
80
0
0
0
0
0
0
0
0
13
0
0
0
0
0
0
0
12
37
38
21
6
2
0
14
12
0
38
15
2
0
9
9
2
25
0
88
42
7
14
8
25
14
49
149
70
65
0
0
3
0
0
2
8
32
0
19
9
7
24
17
69
35
14
39
43
42
49
39
0
27
0
8
39
0
12
25
8
8
12
14
8
12
55
0
23
33
30
58
14
30
40
113
101
43
8
0
0
0
0
11
8
0
2
5
0
5
17
8
68
40
29
37
22
32
23
65
17
12
10
0
32
21
30
0
0
20
31
9
11
19
2
42
7
43
21
11
5
43
31
118
67
17
0
2
11
0
0
0
0
15
0
11
0
4
0
36
34
53
42
18
32
19
18
7
5
42
10
3
23
52
0
13
2
0
0
0
29
10
45
37
35
2
32
52
29
15
51
105
153
80
59
117
0
0
0
0
0
0
0
0
2
0
0
14
0
10
67
146
0
56
9
20
43
13
13
2
40
32
0
21
19
25
27
5
44
0
30
27
3
8
0
7
31
31
43
53
75
27
8
0
0
0
0
19
0
0
0
0
44
0
0
13
18
19
49
13
25
42
28
4
3
2
31
0
0
0
66
15
2
0
47
0
0
12
14
36
34
2
21
4
42
36
17
75
60
35
0
0
0
0
0
12
0
4
0
0
0
25
16
0
66
29
19
20
37
9
5
15
0
0
22
5
23
28
0
14
65
41
18
26
46
12
39
36
27
35
2
46
37
0
62
145
62
53
70
70
46
50
47
17
40
54
16
42
30
11
20
115
32
43
15
36
36
31
56
35
114
45
55
118
157
107
145
105
171
66
20
3
0
0
0
0
0
0
0
0
0
0
0
0
0
0
0
0
0
0
0
0
2
0
0
0
0
0
0
0
0
0
0
0
0
0
0
0
0
0
0
0
0
0
0
0
0
0
0
0
0
0
0
0
0
0
0
0
0
0
0
0
0
0
0
0
0
0
0
0
0
0
0
0
0
0
0
0
0
0
0
0
0
0
