MyRun30CtM001C22   08 Nov 2016
624
30
0930
10
0
19
51
0
0
34
0
0
15
13
0
47
0
20
0
15
7
7
0
5
9
0
0
37
38
64
11
0
7
10
0
0
0
2
40
9
0
0
56
2
87
55
12
117
0
0
48
104
100
23
110
33
0
18
13
25
2
0
29
0
41
0
12
0
15
73
43
79
21
71
95
148
18
13
9
5
2
7
14
12
3
4
0
13
4
17
4
20
19
23
5
15
47
60
13
59
67
64
56
32
6
0
0
0
0
0
10
23
14
0
32
31
0
29
54
59
35
52
103
64
54
13
6
11
2
3
5
6
6
8
17
4
22
3
0
18
15
16
33
19
19
31
49
48
74
45
50
0
9
75
0
0
61
0
0
58
30
0
0
0
0
64
68
65
80
75
110
119
200
154
128
40
0
0
0
0
0
0
6
0
0
2
0
3
17
6
3
49
27
18
0
5
87
69
0
0
0
16
68
0
22
0
11
6
0
37
0
0
56
33
30
45
74
70
126
116
49
59
0
5
9
2
13
2
0
30
31
2
50
14
13
16
0
72
30
0
31
108
71
48
101
99
5
87
7
0
8
0
11
0
0
28
0
0
2
0
18
53
67
70
47
51
107
114
106
69
5
27
37
2
0
2
24
8
13
0
11
16
3
44
21
28
0
104
30
21
149
14
95
39
56
35
9
0
3
23
0
31
0
0
54
21
0
0
0
26
78
38
70
105
95
80
122
73
9
3
0
0
0
2
0
0
2
0
5
0
23
46
0
0
87
110
25
0
93
65
171
125
29
0
9
15
0
0
21
0
0
0
42
0
2
30
16
102
80
65
182
43
98
152
236
279
126
194
36
156
0
0
0
0
0
0
0
0
0
31
12
15
4
177
0
111
13
97
106
0
32
96
0
0
5
23
22
0
0
0
38
0
0
0
21
24
55
81
54
79
50
64
61
39
0
0
27
0
4
55
0
5
11
9
0
22
12
27
6
27
30
11
26
48
27
30
38
19
34
60
51
0
17
4
20
2
21
28
13
0
63
16
92
54
62
55
53
91
54
122
77
77
22
0
9
9
0
0
5
24
12
2
36
36
0
0
64
43
16
68
44
29
47
113
113
105
102
158
79
87
117
169
110
135
103
111
142
89
183
221
97
174
155
205
227
279
302
298
137
30
81
106
77
119
93
20
41
10
0
0
0
2
3
0
0
0
0
0
0
0
0
0
0
0
0
0
0
0
0
0
0
0
0
0
0
0
0
0
0
0
0
0
0
0
0
0
0
0
0
0
0
0
0
0
0
0
0
0
0
0
0
0
0
0
0
0
0
0
0
0
0
0
0
0
0
0
0
0
0
0
0
0
0
0
0
0
0
0
0
0
0
0
0
0
0
0
0
0
0
0
0
0
0
0
0
0
0
0
0
0
0
0
0
0
0
0
0
