MyRun30CtM001C17   08 Nov 2016
624
30
0930
0
0
0
0
0
0
0
0
28
0
2
12
0
0
12
21
20
68
123
41
80
83
160
171
106
84
0
0
0
0
0
0
0
16
0
0
0
6
0
6
0
7
16
0
0
7
7
0
30
45
37
0
0
39
0
6
0
42
0
0
0
9
13
69
64
48
87
161
97
39
106
107
177
34
0
9
0
0
0
0
0
0
7
0
7
0
0
0
5
0
3
5
0
30
12
38
55
175
37
0
0
2
0
0
6
14
58
0
0
0
0
0
27
0
168
148
95
63
99
153
120
40
0
4
0
0
0
0
2
0
0
0
6
0
0
0
0
0
0
11
0
9
0
40
16
112
0
16
17
0
3
0
0
0
0
19
0
6
0
15
43
103
86
58
69
92
95
119
200
393
149
238
133
82
0
13
0
0
0
0
0
0
0
0
0
0
0
0
0
0
0
0
13
71
0
7
0
0
0
19
0
0
19
0
5
0
0
0
0
50
95
41
83
50
103
151
254
254
78
0
0
0
0
0
0
0
10
8
0
0
9
0
0
4
9
13
0
2
21
40
2
120
73
0
4
11
0
0
7
0
4
6
56
0
0
5
5
0
70
113
85
143
92
49
141
242
0
0
0
0
0
0
0
0
0
0
0
0
0
0
0
0
14
0
8
0
0
20
43
80
2
27
0
13
14
11
0
31
0
32
5
64
0
0
0
39
158
82
101
52
73
156
132
346
59
18
0
0
0
0
0
19
0
0
0
0
0
12
0
0
6
2
0
0
0
37
0
106
78
11
0
25
0
40
0
0
8
0
11
41
7
0
8
21
142
24
36
87
125
69
85
466
559
383
116
339
102
0
0
0
3
8
0
0
10
0
0
12
0
0
5
8
13
15
0
69
18
24
40
30
31
47
10
85
7
0
0
27
0
0
0
72
66
96
229
106
147
65
155
330
200
21
6
0
0
0
0
34
25
0
26
0
0
0
0
0
41
0
20
0
70
2
65
202
142
137
119
79
165
203
126
168
146
222
164
198
108
128
138
245
146
188
247
168
202
224
362
464
464
248
2
2
11
0
0
0
0
0
0
0
0
0
0
0
0
0
0
0
0
0
0
0
0
0
0
0
0
0
0
0
0
0
0
0
0
0
0
0
0
0
0
0
0
0
0
0
0
0
0
0
0
0
0
0
0
0
0
0
0
0
0
0
0
0
0
0
0
0
0
0
0
0
0
0
0
0
0
0
0
0
0
0
0
0
0
0
0
0
0
0
0
0
0
0
0
0
0
0
0
0
0
0
0
0
0
0
0
0
0
0
0
0
0
0
0
0
0
0
0
0
0
0
0
0
0
0
0
0
0
0
0
0
0
0
0
0
0
0
0
0
0
0
0
0
0
0
0
0
0
0
0
0
0
0
0
0
0
0
0
0
0
0
0
0
