MyRun30CtM001C11   08 Nov 2016
624
30
0930
10
42
38
23
6
56
15
15
43
24
14
29
61
23
7
54
24
29
49
57
60
55
33
27
37
0
19
0
3
4
2
16
0
0
2
2
13
0
14
4
18
3
30
27
50
45
28
27
51
56
30
49
36
20
34
24
2
13
41
20
44
16
21
5
39
53
9
40
43
48
63
34
103
47
11
8
2
5
0
0
4
0
0
0
18
0
0
0
0
16
16
34
15
10
41
61
27
48
52
61
21
69
31
33
31
23
35
47
4
23
2
2
0
14
53
49
18
58
70
54
74
23
24
26
3
0
0
3
0
0
2
2
0
0
3
4
0
11
0
37
0
23
19
21
35
45
55
56
62
56
15
45
37
9
26
39
17
40
23
15
41
26
64
50
59
92
42
26
8
167
79
120
75
24
2
0
2
2
3
22
81
70
0
3
0
0
0
2
16
75
33
0
18
86
5
50
52
15
45
59
13
0
6
35
35
57
17
20
26
12
15
35
32
7
8
36
42
45
19
4
0
2
0
16
3
2
38
20
0
0
13
0
0
0
0
20
23
58
21
28
29
38
29
26
51
12
34
45
39
26
34
15
23
8
10
38
15
25
14
5
22
20
47
55
20
78
63
24
3
0
0
0
0
2
0
0
0
0
12
6
0
10
8
7
64
34
12
39
13
0
51
30
25
23
14
2
24
6
18
15
45
0
3
8
16
49
7
40
27
38
44
7
46
60
36
49
11
8
0
0
0
26
0
14
2
0
31
2
0
37
0
52
34
33
13
17
41
3
27
23
24
41
23
26
32
28
2
46
16
37
19
6
7
0
55
28
15
8
32
25
20
160
152
109
89
7
2
2
2
47
2
0
0
3
2
0
0
30
0
18
0
28
56
14
23
9
14
15
3
16
11
18
33
12
22
43
31
54
4
0
38
35
0
14
13
0
42
19
37
48
16
30
5
20
0
5
4
17
23
5
0
2
0
0
13
0
0
26
0
25
31
30
15
21
17
30
54
10
26
29
23
5
33
41
16
47
12
15
14
27
26
23
6
38
17
37
56
78
57
73
30
21
46
53
20
48
6
64
46
58
20
36
12
24
60
48
36
19
73
55
27
49
87
60
50
80
58
66
38
5
2
2
0
0
0
0
0
0
0
0
0
0
0
0
0
0
0
0
0
0
0
0
0
0
0
0
0
0
0
0
0
0
0
0
0
0
0
0
0
0
0
0
0
0
0
0
0
0
0
0
0
0
0
0
0
0
0
0
0
0
0
0
0
0
0
0
0
0
0
0
0
0
0
0
0
0
0
0
0
0
0
0
0
0
0
0
0
0
0
0
0
0
0
0
0
0
0
0
0
0
0
0
0
0
0
0
0
0
0
0
0
0
0
0
0
0
0
0
0
0
0
0
0
0
0
0
0
0
0
0
0
0
0
0
