MyRun30CtM001C29   08 Nov 2016
624
30
0930
0
0
13
0
20
37
28
0
39
41
32
9
78
22
17
0
71
81
119
90
80
47
105
35
69
19
8
9
6
8
3
8
3
5
0
15
2
11
0
0
7
38
60
54
65
0
0
0
54
143
41
22
27
31
30
0
48
0
3
0
0
0
0
80
38
71
75
92
73
95
89
116
146
33
13
0
0
2
0
0
11
0
0
0
2
3
2
9
7
9
21
3
91
98
45
83
23
219
75
18
0
26
88
15
0
0
61
15
0
0
4
0
0
7
56
152
128
118
126
104
173
10
26
0
0
0
0
0
4
0
2
0
0
0
0
0
12
0
2
19
0
83
13
60
67
135
105
0
54
0
0
47
0
3
0
0
5
0
0
0
35
45
60
55
86
62
61
120
152
59
132
160
24
10
0
0
0
0
0
0
0
0
0
0
7
8
2
0
33
80
20
16
49
156
154
58
25
0
39
0
32
42
0
38
2
0
0
6
40
35
51
0
88
94
149
90
170
24
51
23
0
2
13
0
0
0
26
0
13
23
4
0
0
7
52
31
7
44
74
0
89
148
108
75
90
0
6
3
0
10
0
2
33
0
0
5
5
113
120
25
106
146
105
103
182
82
50
0
22
2
9
5
7
2
5
0
0
11
0
12
0
16
0
10
31
16
17
65
50
206
142
66
65
29
52
65
0
0
22
78
48
0
4
0
81
44
0
106
60
10
187
138
131
95
42
6
0
5
0
3
14
22
6
42
0
0
9
41
15
20
59
0
0
41
45
101
25
176
111
219
162
47
20
25
70
116
0
10
86
0
0
3
116
18
114
121
65
126
179
50
297
222
158
111
0
0
0
0
9
31
0
19
0
19
0
19
38
0
41
0
18
66
59
102
28
223
192
171
146
148
111
43
94
65
17
203
73
19
34
23
43
9
186
95
0
88
167
140
194
182
46
81
3
14
12
0
64
41
0
29
0
70
0
2
41
36
6
83
28
0
10
77
35
201
142
202
198
125
56
92
76
16
26
17
0
0
11
6
11
89
17
0
116
70
87
133
210
70
69
0
0
0
0
0
18
0
25
38
0
0
26
48
18
15
26
23
46
0
37
160
62
102
179
103
151
165
152
41
59
40
152
65
53
30
0
0
5
55
13
7
27
97
111
103
136
82
150
0
22
0
0
0
11
12
0
0
5
5
3
2
40
14
14
35
15
25
76
24
72
124
113
82
83
66
124
14
118
22
61
0
74
47
11
0
0
0
33
77
17
0
96
58
121
67
125
0
0
0
0
0
0
3
0
7
17
3
30
0
0
30
25
71
14
39
38
65
55
95
66
102
68
90
88
58
80
37
45
128
73
44
0
3
0
84
56
37
80
151
97
100
96
67
184
105
86
99
121
4
98
102
77
24
59
23
119
25
7
19
210
162
171
208
152
215
