MyRun30CtM001C18   08 Nov 2016
624
30
0930
0
0
23
7
6
19
16
17
9
5
27
9
51
59
30
50
13
48
79
59
60
40
69
54
68
11
12
5
0
0
5
2
2
0
11
8
3
7
0
8
23
2
0
27
11
9
46
3
32
73
41
51
5
0
10
2
10
2
5
26
8
11
5
85
49
29
26
64
82
41
60
66
49
34
8
4
2
0
9
5
0
5
0
7
7
2
0
6
2
0
0
7
4
27
14
36
39
35
36
20
14
25
19
3
75
37
25
4
11
42
13
17
69
15
21
61
43
52
77
47
97
36
18
3
6
0
0
0
3
0
0
3
6
5
5
2
0
8
11
8
0
7
19
22
39
44
38
28
5
16
10
9
3
18
7
38
2
11
6
0
17
30
53
63
58
57
35
41
67
138
81
76
58
11
10
0
0
0
0
0
0
0
0
7
2
0
13
0
0
16
0
0
0
30
14
41
53
0
3
0
0
0
0
0
0
0
0
5
0
0
17
22
52
32
13
72
70
53
41
8
0
11
0
8
0
8
12
0
2
14
0
7
5
0
0
0
10
0
39
34
15
39
8
27
32
11
0
16
25
9
0
2
16
0
6
23
0
17
17
20
65
73
20
48
86
45
54
23
0
18
7
0
8
0
2
6
5
8
0
5
2
0
9
7
0
0
27
7
0
23
36
29
9
19
0
0
0
0
0
0
0
14
0
3
3
18
0
44
14
43
31
9
48
27
100
65
0
0
0
0
0
0
0
0
0
0
0
0
0
0
0
0
0
11
0
4
0
10
10
27
25
29
3
6
5
0
0
15
6
5
5
0
4
16
23
12
29
56
56
77
81
128
106
133
79
0
0
0
0
0
0
2
0
0
0
0
0
0
6
7
0
5
7
6
62
53
46
70
46
62
53
56
76
75
71
45
81
69
79
107
71
31
82
98
101
54
77
72
97
153
135
98
122
113
65
53
3
0
0
0
0
0
0
0
0
0
0
0
0
0
0
0
0
0
0
0
0
0
0
0
0
0
0
0
0
0
0
0
0
0
0
0
0
0
0
0
0
0
0
0
0
0
0
0
0
0
0
0
0
0
0
0
0
0
0
0
0
0
0
0
0
0
0
0
0
0
0
0
0
0
0
0
0
0
0
0
0
0
0
0
0
0
0
0
0
0
0
0
0
0
0
0
0
0
0
0
0
0
0
0
0
0
0
0
0
0
0
0
0
0
0
0
0
0
0
0
0
0
0
0
0
0
0
0
0
0
0
0
0
0
0
0
0
0
0
0
0
0
0
0
0
0
0
0
0
0
0
0
0
0
0
0
0
0
0
0
0
0
0
0
0
0
0
0
0
0
0
0
0
0
0
0
0
0
0
0
0
0
0
0
0
0
0
0
0
0
0
0
0
0
0
0
0
0
0
0
0
0
0
0
0
0
0
0
