MyRun30CtM001C28   08 Nov 2016
624
30
0930
0
5
2
24
6
6
8
9
30
28
2
23
46
29
35
71
26
23
5
27
43
15
27
33
31
17
11
3
7
7
16
20
7
9
0
2
20
0
25
2
20
25
17
28
26
18
45
31
44
2
9
78
17
41
8
2
0
24
2
27
18
0
20
36
14
12
0
0
0
46
27
8
78
37
46
0
5
6
0
14
0
32
0
28
5
7
7
29
17
13
36
23
33
14
14
82
28
42
0
33
24
40
0
40
0
25
23
19
13
0
0
6
6
40
22
46
0
19
20
37
45
20
26
16
0
25
0
0
12
14
5
18
0
7
15
18
9
3
43
14
29
92
7
31
42
77
50
58
7
0
53
5
15
30
2
10
5
9
41
0
50
2
26
16
0
24
39
50
0
126
219
79
64
10
3
0
0
2
20
0
3
3
8
2
0
17
53
28
57
0
38
19
4
45
0
23
30
22
6
29
24
0
22
16
51
3
26
3
56
8
44
19
28
2
39
14
39
2
62
50
3
0
6
0
0
0
13
5
2
0
19
37
0
3
24
0
0
0
68
4
8
12
27
28
25
35
12
18
0
0
14
23
0
30
25
13
13
31
2
0
0
36
24
92
51
132
53
10
0
13
0
10
0
16
0
17
9
10
54
0
43
11
19
53
41
15
19
29
16
12
26
4
52
0
31
0
0
40
45
8
8
28
14
5
5
2
12
0
3
45
33
27
28
46
44
56
0
0
3
0
22
3
0
13
0
3
20
2
34
17
0
0
13
26
18
6
6
37
38
23
0
11
29
11
29
12
45
16
0
21
21
5
6
47
12
23
31
32
11
0
65
79
105
32
27
5
4
15
0
8
7
10
0
14
2
62
14
40
0
39
7
14
145
50
52
48
14
24
58
2
17
0
29
32
19
0
29
35
39
0
5
14
0
33
47
12
24
4
35
73
107
4
0
34
5
10
0
8
31
15
3
0
10
0
0
77
43
57
13
0
0
32
19
45
2
16
47
34
43
19
17
25
0
36
24
35
33
23
22
64
0
34
74
0
10
14
17
126
119
79
12
9
20
0
18
41
0
0
0
55
0
67
16
0
2
28
36
38
22
37
0
47
69
60
49
67
61
37
55
83
74
57
102
66
70
118
149
221
188
229
174
140
235
282
245
207
203
226
156
94
65
15
11
9
27
2
0
0
0
2
0
0
0
0
0
0
0
0
0
0
0
0
0
0
0
0
0
0
0
0
0
0
0
0
0
0
0
0
0
0
0
0
0
0
0
0
0
0
0
0
0
0
0
0
0
0
0
0
0
0
0
0
0
0
0
0
0
0
0
0
0
0
0
0
0
0
0
0
0
0
0
0
0
0
0
0
0
0
0
0
0
0
0
0
0
0
0
0
0
0
0
0
0
0
0
0
0
0
0
0
0
0
0
0
