MyRun30CtM001C05   08 Nov 2016
624
30
0930
0
8
4
6
2
8
0
7
41
169
157
134
113
103
77
115
121
188
104
83
159
78
85
112
6
0
0
0
8
7
0
0
9
0
0
0
0
0
0
0
0
0
0
0
0
21
10
13
14
202
186
2
0
0
0
10
10
5
8
45
180
18
0
204
52
133
94
116
154
93
144
234
237
87
27
13
2
0
3
4
6
20
21
10
7
4
22
5
7
8
5
0
0
0
34
161
85
196
164
24
14
66
0
49
109
0
136
39
0
6
7
0
140
90
46
121
123
85
82
137
180
85
30
15
2
19
10
3
20
9
22
0
24
16
0
0
17
0
16
2
0
12
2
61
101
203
60
43
14
2
0
11
16
0
6
5
8
0
24
0
72
82
75
173
38
128
117
117
147
114
224
3
36
0
0
0
0
0
0
0
0
14
0
0
0
0
0
0
0
61
7
5
17
151
24
12
47
0
2
0
0
15
0
0
6
2
0
6
0
116
88
81
38
128
98
139
124
61
2
0
0
0
14
4
0
4
6
4
7
12
5
0
6
0
9
0
0
0
12
44
0
109
48
44
3
10
7
111
2
0
7
23
16
0
4
44
35
47
8
20
0
0
11
2
25
71
89
21
6
0
0
0
5
0
6
0
2
0
9
6
0
17
41
69
17
30
0
59
42
12
24
32
46
35
0
0
2
14
0
34
0
40
12
2
36
0
0
20
7
9
36
44
9
62
55
7
7
0
11
2
5
0
0
14
0
0
3
9
15
4
37
0
25
5
18
10
21
26
34
0
5
32
39
0
13
5
2
50
19
24
17
20
14
5
11
6
78
59
23
56
38
125
102
142
96
70
112
50
103
153
85
111
83
66
92
152
168
135
37
4
8
2
0
0
0
0
0
0
0
0
0
0
0
0
0
0
0
0
0
0
0
0
0
0
0
0
0
0
0
0
0
0
0
0
0
0
0
0
0
0
0
0
0
0
0
0
0
0
0
0
0
0
0
0
0
0
0
0
0
0
0
0
0
0
0
0
0
0
0
0
0
0
0
0
0
0
0
0
0
0
0
0
0
0
0
0
0
0
0
0
0
0
0
0
0
0
0
0
0
0
0
0
0
0
0
0
0
0
0
0
0
0
0
0
0
0
0
0
0
0
0
0
0
0
0
0
0
0
0
0
0
0
0
0
0
0
0
0
0
0
0
0
0
0
0
0
0
0
0
0
0
0
0
0
0
0
0
0
0
0
0
0
0
0
0
0
0
0
0
0
0
0
0
0
0
0
0
0
0
0
0
0
0
0
0
0
0
0
0
0
0
0
0
0
0
0
0
0
0
0
0
0
0
0
0
0
0
0
0
0
0
0
0
0
0
0
0
0
0
0
0
0
0
0
0
0
0
0
0
0
0
0
0
0
0
0
0
0
0
0
0
0
0
0
