MyRun30CtM001C12   08 Nov 2016
624
30
0930
3
28
40
2
14
30
33
14
37
3
2
4
0
32
32
0
45
20
23
23
40
38
43
20
44
0
5
5
7
9
0
5
16
3
0
11
7
5
0
12
12
0
0
21
3
23
16
5
33
31
44
15
29
2
8
9
10
0
0
15
17
14
3
10
20
18
41
38
12
15
58
37
52
6
13
0
0
5
0
3
8
5
3
4
8
5
0
5
2
8
10
2
7
2
34
9
19
57
38
7
2
7
15
3
0
0
17
34
5
0
0
30
4
44
47
12
29
28
36
44
43
18
5
2
3
3
0
0
5
0
2
0
9
0
0
8
5
4
8
9
0
21
17
5
17
100
40
25
24
0
17
4
5
0
44
0
32
7
3
7
15
27
33
34
40
50
48
29
14
66
54
67
45
28
26
4
22
5
0
0
0
0
2
0
2
0
5
0
4
0
5
0
4
8
7
16
23
16
32
15
2
0
0
4
0
29
2
10
80
28
10
49
42
38
58
87
39
68
26
9
0
0
0
0
0
3
7
0
3
5
0
12
3
6
35
0
0
32
15
35
3
75
45
7
37
35
2
17
10
74
0
16
69
4
0
5
54
29
16
37
6
10
19
32
20
38
46
25
0
7
0
0
0
2
0
0
2
11
0
14
0
3
15
7
33
20
15
17
8
0
37
54
0
54
8
11
4
0
12
14
7
33
0
0
14
0
0
0
0
10
0
43
17
55
36
24
2
0
3
9
0
0
8
0
0
8
2
2
24
11
4
12
33
18
47
24
19
22
6
13
7
11
29
20
3
37
4
15
6
2
3
22
27
24
27
27
39
12
33
27
29
93
142
61
77
61
17
23
0
0
0
0
4
2
0
2
0
5
8
0
2
30
13
37
10
17
28
11
27
0
19
16
0
7
8
8
0
12
0
0
30
0
0
14
0
12
30
0
13
41
65
0
24
0
13
0
0
0
0
3
34
0
0
29
0
13
32
32
24
15
36
0
5
25
10
22
12
30
10
34
0
0
5
8
0
28
11
5
11
10
2
12
0
2
20
0
18
54
59
99
23
32
7
0
0
0
0
0
5
0
0
0
30
5
36
15
28
19
63
29
26
16
38
0
21
0
0
22
42
25
0
8
56
27
5
2
0
5
27
37
30
30
24
17
37
53
43
65
30
74
12
4
15
4
4
2
13
17
8
17
8
37
8
17
19
42
26
14
29
16
27
50
79
46
83
79
37
73
81
48
101
66
92
84
88
92
113
114
85
84
134
91
155
141
90
143
111
45
11
0
0
0
0
0
0
0
0
0
0
0
0
0
0
0
0
0
0
0
0
0
0
0
0
0
0
0
0
0
0
0
0
0
0
0
0
0
0
0
0
0
0
0
0
0
0
0
0
0
0
0
0
0
0
0
0
0
0
0
0
0
0
0
0
0
