MyRun30CtM001C08   08 Nov 2016
624
30
0930
7
0
0
11
0
0
19
0
0
16
15
0
10
4
35
28
10
20
23
37
35
14
0
5
16
0
0
0
0
0
0
0
0
0
0
0
0
0
0
0
0
5
2
4
0
0
0
0
0
18
0
0
0
0
0
8
0
22
0
0
0
0
0
0
0
16
12
16
15
16
17
10
0
0
0
0
0
0
0
0
0
0
0
0
0
0
0
0
0
0
0
0
5
0
13
0
7
0
13
0
0
7
0
23
9
0
14
0
8
0
0
0
7
18
34
8
0
0
26
14
11
0
0
0
0
0
0
0
0
0
0
0
0
0
0
0
0
0
0
14
0
5
4
5
17
13
20
15
6
0
5
0
0
0
0
27
0
0
0
0
0
20
22
5
7
0
2
2
7
0
6
0
18
0
0
0
0
2
0
0
0
2
0
0
0
0
8
0
0
0
13
2
0
29
0
7
0
5
0
0
5
0
13
0
26
2
0
4
7
16
0
11
5
7
14
22
10
16
0
14
0
0
2
0
0
0
0
0
0
14
0
0
0
13
0
5
14
2
5
0
0
0
21
9
2
0
0
0
7
5
14
3
21
0
0
0
0
7
17
7
5
23
40
12
10
22
2
0
0
0
0
0
0
0
0
16
0
0
0
0
0
0
0
19
0
6
0
11
8
37
18
27
0
5
11
4
16
0
0
12
0
14
19
17
0
14
0
13
22
6
22
27
9
7
23
7
0
0
0
5
0
0
0
0
0
0
0
0
0
14
0
0
0
10
0
0
0
0
11
31
7
2
0
11
11
19
7
25
0
2
0
0
46
0
10
4
5
7
18
8
17
19
45
5
0
0
13
10
2
0
0
5
0
7
3
0
0
0
0
2
13
3
11
10
0
10
11
26
0
28
21
16
4
9
5
14
0
0
0
11
0
0
12
0
17
20
9
9
36
16
39
28
7
0
0
0
0
0
0
7
0
0
0
8
10
5
0
0
2
0
4
21
0
38
24
0
20
16
33
0
8
16
32
16
0
22
10
13
2
24
14
0
29
16
38
34
38
42
74
15
16
38
26
18
0
0
12
0
0
24
0
12
9
0
0
30
5
0
16
2
0
7
10
16
16
10
18
7
17
36
38
51
11
15
37
27
12
2
2
88
38
37
12
26
31
125
167
16
0
0
9
0
0
0
0
0
0
0
0
0
0
0
0
0
0
0
0
0
0
0
0
0
0
0
0
0
0
0
0
0
0
0
0
0
0
0
0
0
0
0
0
0
0
0
0
0
0
0
0
0
0
0
0
0
0
0
0
0
0
0
0
0
0
0
0
0
0
0
0
0
0
0
0
0
0
0
0
0
0
0
0
0
0
0
0
0
0
0
0
0
0
0
0
0
0
0
0
0
0
0
0
0
0
0
0
0
0
0
0
0
0
0
0
0
