MyRun30CtM001C15   08 Nov 2016
624
30
0930
0
0
0
9
24
39
0
0
2
36
40
0
0
6
21
0
12
24
5
41
64
52
44
28
20
0
0
0
0
0
0
0
0
0
0
0
2
0
0
0
0
0
0
0
15
0
14
0
19
23
0
13
13
0
16
40
4
0
0
18
0
18
0
5
10
0
36
0
20
44
52
38
34
18
0
0
0
0
0
0
0
0
0
0
0
0
0
0
0
0
10
3
0
0
20
12
12
61
7
2
28
14
4
34
12
16
7
3
0
0
22
0
23
13
37
20
9
15
21
19
32
20
0
4
3
0
0
0
0
0
0
0
0
0
0
0
2
0
0
0
8
0
9
2
28
17
23
7
25
11
4
5
24
8
3
0
0
0
6
12
0
0
38
17
25
26
18
3
0
42
41
22
0
0
0
0
0
0
0
0
0
0
0
0
0
0
0
0
0
14
0
7
0
32
18
8
0
4
22
3
0
5
0
4
4
3
0
24
31
0
0
4
20
15
20
5
24
7
12
0
0
0
0
4
0
0
0
0
0
0
10
0
0
0
0
0
0
14
3
0
0
28
13
2
23
2
12
0
0
0
23
0
13
4
0
0
13
0
22
20
67
17
9
5
75
44
13
3
0
0
2
0
0
0
0
0
0
0
0
0
0
0
0
0
0
0
11
12
0
59
11
10
15
23
4
0
19
40
0
3
9
8
9
42
5
20
35
17
9
48
3
3
28
29
18
0
0
0
0
0
0
0
0
0
0
0
0
0
0
0
0
0
0
9
0
2
0
12
7
16
24
3
14
8
5
2
2
2
0
6
0
11
42
6
8
0
23
15
27
6
18
31
14
25
25
28
0
0
0
0
0
0
0
0
0
0
0
0
0
0
0
7
12
0
0
7
7
0
5
0
14
2
0
9
17
10
3
8
2
6
0
7
2
11
7
7
0
0
18
12
16
13
5
0
0
0
0
0
0
2
0
0
0
0
0
11
0
0
0
0
0
4
13
0
0
0
9
0
0
0
8
9
13
8
10
0
0
0
5
7
12
0
4
0
4
14
13
40
11
17
9
4
2
0
0
0
0
0
0
0
0
0
0
0
0
2
11
5
10
4
29
13
24
8
22
5
7
12
15
13
9
7
4
0
0
0
0
0
0
15
4
25
4
10
4
18
31
41
30
11
42
20
4
16
36
26
12
47
54
53
58
44
19
30
106
26
28
15
0
0
0
0
0
0
0
0
0
0
0
0
0
0
0
0
0
0
0
0
0
0
0
0
0
0
0
0
0
0
0
0
0
0
0
0
0
0
0
0
0
0
0
0
0
0
0
0
0
0
0
0
0
0
0
0
0
0
0
0
0
0
0
0
0
0
0
0
0
0
0
0
0
0
0
0
0
0
0
0
0
0
0
0
0
0
0
0
0
0
0
0
0
0
0
0
