MyRun30CtM001C13   08 Nov 2016
624
30
0930
7
27
40
43
0
0
34
35
46
38
27
7
40
16
22
58
58
40
42
62
57
49
39
71
43
11
11
7
18
6
2
15
0
5
0
0
0
19
2
7
28
65
17
7
41
12
26
9
23
66
17
71
2
48
22
8
31
16
2
18
21
16
12
22
0
26
37
25
47
38
58
62
68
4
9
2
2
0
0
0
0
9
0
10
0
6
10
0
0
7
2
0
5
11
23
27
60
50
31
10
7
49
20
15
17
9
10
0
0
26
0
18
27
11
40
45
42
72
50
49
56
3
4
5
0
7
4
3
0
0
3
7
2
0
3
20
0
11
10
16
0
11
39
50
21
41
28
30
10
25
4
31
7
13
23
0
0
24
2
53
37
17
48
46
39
48
42
33
59
168
150
156
128
94
0
0
6
0
0
0
0
7
2
0
11
15
0
0
0
2
0
8
2
87
55
27
12
5
19
2
0
14
11
19
46
20
4
3
40
36
67
31
61
49
72
71
90
61
5
5
2
2
0
4
0
3
21
0
2
20
0
0
11
0
9
0
7
3
153
81
8
101
66
31
16
73
54
17
30
5
3
55
29
0
48
0
64
15
69
47
38
27
75
57
55
96
106
0
0
2
0
0
0
6
0
7
3
5
7
2
5
0
0
15
24
3
99
0
59
77
54
78
44
20
58
3
39
32
9
28
0
52
49
4
60
67
69
66
58
85
68
61
83
16
27
36
2
0
3
22
0
9
19
0
12
10
11
10
3
74
109
0
102
0
6
5
81
86
76
61
63
56
29
48
53
53
10
26
12
53
3
39
46
56
53
46
79
80
58
56
85
160
202
67
170
22
0
3
8
3
0
6
7
14
2
3
2
2
17
0
150
0
93
52
66
35
31
20
41
8
27
50
51
11
75
27
22
72
56
57
32
19
30
40
40
34
55
36
51
84
177
21
0
0
2
4
6
8
9
47
5
4
11
113
8
5
115
90
59
100
30
142
16
57
66
52
90
58
40
51
32
31
39
30
26
22
18
20
22
34
59
58
56
49
89
54
47
197
271
56
25
9
0
22
11
148
106
0
41
7
3
7
4
5
72
30
120
96
77
84
8
134
40
75
27
51
41
24
44
16
12
21
17
32
11
36
22
25
7
66
48
25
50
52
60
46
300
64
2
5
0
2
9
11
30
27
3
13
28
35
3
87
91
164
94
54
183
52
133
85
51
50
83
63
43
81
88
54
66
42
60
33
33
45
28
17
36
41
65
43
68
73
84
97
296
131
156
16
14
6
26
33
78
35
0
14
2
48
160
112
80
116
56
236
98
41
149
178
93
132
114
152
161
153
155
152
232
155
111
3
0
0
0
0
0
0
0
0
0
0
0
0
0
0
0
0
0
0
0
0
0
0
0
0
0
0
0
0
0
0
0
0
0
0
