MyRun30CtM001C06   08 Nov 2016
624
30
0930
0
11
15
24
25
247
250
118
0
13
6
132
257
18
82
108
234
287
88
84
192
212
198
69
363
34
30
2
6
0
12
4
7
0
12
7
16
3
12
0
0
11
51
181
0
0
49
0
92
268
72
24
190
30
0
187
22
10
2
30
0
65
20
122
3
42
51
148
60
168
163
87
233
22
19
7
5
0
6
8
5
12
2
5
10
0
12
0
0
2
36
0
10
2
57
0
104
40
56
0
133
60
160
2
0
0
0
71
0
67
42
11
124
0
88
71
83
134
111
72
167
0
30
2
2
4
8
0
11
7
7
0
8
0
5
20
0
6
10
0
21
116
2
52
0
267
146
50
113
16
0
57
63
80
121
27
9
158
49
124
25
7
89
176
93
107
102
92
174
289
152
118
89
0
0
0
0
0
0
0
0
0
0
18
0
20
0
0
0
0
68
22
14
223
163
25
38
149
12
11
151
25
2
118
81
79
64
33
44
24
197
97
102
144
231
254
145
23
30
0
0
2
19
0
0
0
0
9
0
10
14
0
0
0
43
25
77
167
175
7
108
146
3
124
67
0
148
17
78
102
0
161
58
62
39
62
195
0
90
136
42
209
181
75
227
146
183
143
126
0
8
57
62
2
0
33
121
0
160
26
40
13
35
60
2
100
38
54
184
162
88
237
216
243
343
287
196
210
209
114
200
189
141
12
0
0
0
0
0
0
0
0
0
0
0
0
0
0
0
0
0
0
0
0
0
0
0
0
0
0
0
0
0
0
0
0
0
0
0
0
0
0
0
0
0
0
0
0
0
0
0
0
0
0
0
0
0
0
0
0
0
0
0
0
0
0
0
0
0
0
0
0
0
0
0
0
0
0
0
0
0
0
0
0
0
0
0
0
0
0
0
0
0
0
0
0
0
0
0
0
0
0
0
0
0
0
0
0
0
0
0
0
0
0
0
0
0
0
0
0
0
0
0
0
0
0
0
0
0
0
0
0
0
0
0
0
0
0
0
0
0
0
0
0
0
0
0
0
0
0
0
0
0
0
0
0
0
0
0
0
0
0
0
0
0
0
0
0
0
0
0
0
0
0
0
0
0
0
0
0
0
0
0
0
0
0
0
0
0
0
0
0
0
0
0
0
0
0
0
0
0
0
0
0
0
0
0
0
0
0
0
0
0
0
0
0
0
0
0
0
0
0
0
0
0
0
0
0
0
0
0
0
0
0
0
0
0
0
0
0
0
0
0
0
0
0
0
0
0
0
0
0
0
0
0
0
0
0
0
0
0
0
0
0
0
0
0
0
0
0
0
0
0
0
0
0
0
0
0
0
0
0
0
0
0
0
0
0
0
0
0
0
0
0
0
0
0
0
0
0
0
0
0
0
0
0
0
0
0
0
0
0
0
0
0
0
0
0
0
0
0
0
0
0
