MyRun30CtM001C30   08 Nov 2016
624
30
0930
0
13
0
7
8
0
2
0
55
8
0
0
0
10
14
4
10
43
34
42
47
29
24
29
30
14
15
0
0
0
6
2
3
0
2
0
2
5
2
3
3
0
4
0
10
0
25
2
7
32
13
0
0
2
17
0
0
0
11
2
25
0
8
31
0
14
40
17
53
45
65
58
51
25
6
19
3
19
2
0
0
0
0
2
0
12
2
0
10
0
0
18
0
7
7
31
18
64
4
0
0
0
3
7
5
0
2
5
4
0
9
8
5
37
18
21
57
52
52
64
85
15
13
0
0
0
0
0
0
12
2
0
2
0
0
2
0
3
3
8
0
14
3
23
5
59
0
5
2
2
3
8
10
6
0
4
8
2
3
4
81
0
58
23
70
35
36
43
64
100
32
27
11
24
0
2
2
0
2
3
2
2
13
0
0
2
11
0
4
0
7
20
0
40
0
4
3
5
5
9
3
0
2
0
0
0
5
2
30
13
9
43
19
9
36
34
54
32
2
16
2
7
12
4
0
0
5
2
9
0
17
0
5
22
18
0
0
8
3
7
0
26
0
16
0
12
0
3
3
0
0
17
0
0
0
0
19
0
10
41
37
64
20
26
23
42
11
0
6
0
0
0
0
5
0
14
0
0
8
0
0
0
3
12
21
2
0
12
10
50
7
0
3
0
0
13
0
0
7
0
14
0
0
4
0
5
22
0
13
5
34
87
59
50
5
18
0
0
5
0
0
0
2
0
5
7
6
0
0
16
10
0
13
3
0
15
11
61
18
14
17
0
4
6
3
7
3
0
17
10
2
5
18
5
0
13
56
32
33
40
20
81
94
70
61
39
14
52
33
47
14
28
11
63
24
11
39
46
59
67
36
67
82
64
42
30
63
54
42
58
39
75
49
75
97
106
86
81
33
0
0
0
0
0
0
0
0
0
0
0
0
0
0
0
0
0
0
0
0
0
0
0
0
0
0
0
0
0
0
0
0
0
0
0
0
0
0
0
0
0
0
0
0
0
0
0
0
0
0
0
0
0
0
0
0
0
0
0
0
0
0
0
0
0
0
0
0
0
0
0
0
0
0
0
0
0
0
0
0
0
0
0
0
0
0
0
0
0
0
0
0
0
0
0
0
0
0
0
0
0
0
0
0
0
0
0
0
0
0
0
0
0
0
0
0
0
0
0
0
0
0
0
0
0
0
0
0
0
0
0
0
0
0
0
0
0
0
0
0
0
0
0
0
0
0
0
0
0
0
0
0
0
0
0
0
0
0
0
0
0
0
0
0
0
0
0
0
0
0
0
0
0
0
0
0
0
0
0
0
0
0
0
0
0
0
0
0
0
0
0
0
0
0
0
0
0
0
0
0
0
0
0
0
0
0
0
0
0
0
0
0
0
0
0
0
0
0
0
0
0
0
0
0
0
