MyRun30CtM001C23   08 Nov 2016
624
30
0930
0
14
3
9
6
6
47
4
0
18
71
79
47
131
8
94
149
52
66
90
155
158
81
122
24
0
0
3
0
0
0
0
5
4
0
0
2
4
2
10
0
7
3
24
19
4
17
0
10
68
11
66
5
43
0
22
0
14
3
9
20
3
3
61
8
41
42
114
63
53
64
75
106
9
8
0
3
0
0
3
7
0
6
5
15
2
0
6
5
3
24
7
12
9
14
35
55
82
33
19
3
3
8
45
14
13
41
0
0
34
8
51
36
24
55
41
61
79
31
56
39
20
24
0
0
0
0
2
0
5
6
0
9
0
0
8
0
3
0
23
0
9
11
25
17
79
47
28
45
0
15
7
3
24
22
0
0
0
33
22
39
41
69
59
18
63
47
33
62
35
23
35
6
5
3
0
0
4
0
0
11
0
7
0
0
5
0
4
5
17
0
2
13
44
51
36
0
7
40
11
0
29
0
0
3
39
0
0
0
59
33
49
69
70
39
73
110
31
17
11
0
0
0
0
0
0
0
6
2
6
17
3
8
0
11
0
20
20
11
7
9
38
12
32
0
0
34
0
0
6
16
5
7
0
3
11
10
20
27
21
0
21
19
22
36
13
53
7
3
5
0
5
0
0
0
0
8
12
11
7
0
9
5
22
0
18
7
5
9
46
48
49
53
13
30
20
5
13
0
5
0
20
57
0
0
33
13
27
35
45
28
67
22
29
53
19
0
0
0
0
0
0
0
0
0
5
0
0
5
11
0
2
17
15
10
0
0
33
34
23
22
2
0
18
2
0
8
0
0
0
0
10
28
20
6
14
14
26
35
5
35
31
23
49
23
6
0
0
0
0
2
0
0
3
4
0
2
0
13
0
33
0
8
26
0
8
0
32
10
0
0
0
47
17
7
0
0
0
0
9
0
19
25
0
12
8
0
2
20
28
20
22
0
0
0
0
0
0
0
0
0
0
0
0
0
22
28
20
20
25
20
27
16
41
42
40
35
50
38
78
20
63
34
33
47
60
54
50
70
61
68
90
38
24
0
5
0
0
0
0
0
0
0
0
0
0
0
0
0
0
0
0
0
0
0
0
0
0
0
0
0
0
0
0
0
0
0
0
0
0
0
0
0
0
0
0
0
0
0
0
0
0
0
0
0
0
0
0
0
0
0
0
0
0
0
0
0
0
0
0
0
0
0
0
0
0
0
0
0
0
0
0
0
0
0
0
0
0
0
0
0
0
0
0
0
0
0
0
0
0
0
0
0
0
0
0
0
0
0
0
0
0
0
0
0
0
0
0
0
0
0
0
0
0
0
0
0
0
0
0
0
0
0
0
0
0
0
0
0
0
0
0
0
0
0
0
0
0
0
0
0
0
0
0
0
0
0
0
0
0
0
0
0
0
0
0
0
0
0
0
0
0
0
0
