MyRun30CtM001C24   08 Nov 2016
624
30
0930
0
9
86
0
0
24
33
6
33
0
20
63
21
10
0
32
53
33
47
52
43
35
46
20
20
0
0
0
0
0
4
2
2
0
0
0
8
0
3
2
0
0
29
0
11
0
0
19
52
73
23
5
53
10
0
23
0
0
43
40
0
28
0
50
23
60
23
35
36
45
66
46
48
15
0
6
0
0
10
0
0
0
0
0
7
0
5
0
0
2
8
3
0
11
34
0
3
71
89
30
23
13
30
27
5
0
36
48
20
0
0
26
34
0
52
64
47
36
37
41
70
0
0
4
0
0
0
0
0
0
0
0
7
0
3
10
2
15
0
4
20
28
0
0
39
93
28
55
34
10
37
16
0
0
46
44
0
0
79
21
43
39
38
26
41
70
60
48
72
87
80
15
9
0
0
0
0
0
0
6
0
2
3
2
0
4
0
0
12
5
38
0
0
77
38
46
9
0
0
80
25
12
55
40
25
10
61
23
6
26
50
7
53
38
33
49
49
26
7
0
0
0
0
7
0
10
0
4
2
80
3
0
0
0
27
0
23
40
0
0
23
99
24
19
3
53
0
0
0
0
9
65
5
88
8
41
7
0
51
30
5
57
22
22
28
38
17
26
0
0
0
3
0
0
9
0
0
2
0
0
11
2
7
33
0
0
10
0
0
63
40
25
4
3
46
0
19
51
14
9
2
9
7
7
6
32
31
19
17
17
41
33
39
25
0
14
0
0
5
0
2
0
13
21
0
0
27
0
0
5
2
38
13
0
42
0
18
41
29
25
0
9
55
17
0
0
28
0
5
10
26
16
12
18
4
4
3
14
12
18
13
99
101
84
29
54
11
50
0
2
2
0
0
0
0
0
5
5
0
0
4
14
14
19
0
7
0
2
9
20
24
24
52
4
0
0
25
0
53
3
0
0
32
17
15
26
5
23
37
30
89
20
2
0
0
0
0
0
0
0
0
11
0
0
0
16
0
0
23
13
27
16
0
55
28
2
0
44
8
6
0
0
9
29
0
0
23
0
24
9
9
0
20
18
10
5
28
15
0
0
0
0
0
0
0
0
0
0
0
0
0
0
0
0
0
0
0
5
0
0
0
0
2
0
0
0
0
0
0
0
3
0
0
0
0
2
0
0
0
0
0
0
0
0
0
0
0
0
0
0
0
0
0
0
0
0
0
0
0
0
0
0
0
0
0
0
0
0
0
0
0
0
0
0
0
0
0
0
0
0
0
0
0
0
0
0
0
0
0
0
0
0
0
0
0
0
0
0
0
0
0
0
0
0
0
0
0
0
0
0
0
0
0
0
0
0
0
0
0
0
0
0
0
0
0
0
0
0
0
0
0
0
0
0
0
0
0
0
0
0
0
0
0
0
0
0
0
0
0
0
0
0
0
0
0
0
0
0
0
0
0
0
0
0
