MyRun30CtM001C27   08 Nov 2016
624
30
0930
11
2
7
5
6
90
72
20
22
53
13
20
13
0
96
67
48
39
52
98
94
87
56
25
54
89
71
39
12
17
5
33
4
8
0
24
0
9
0
0
7
37
2
0
26
0
22
0
0
38
49
19
13
71
0
12
0
0
16
0
8
24
0
12
65
48
11
85
46
90
106
82
122
44
22
15
10
35
24
32
18
21
10
17
24
30
9
5
5
17
71
49
47
20
7
5
9
12
136
82
2
56
46
12
38
9
18
73
11
5
31
5
0
20
50
72
55
16
35
98
74
39
25
22
10
23
7
19
13
26
19
12
19
12
70
43
39
0
0
20
7
66
2
36
48
117
106
67
30
72
30
0
48
63
7
2
4
11
6
9
35
34
41
33
40
63
98
85
69
182
94
62
14
6
2
10
18
0
22
11
0
0
0
14
4
2
18
0
65
27
5
35
4
54
78
98
37
12
3
34
20
7
20
2
9
24
9
8
24
7
31
12
96
36
50
96
80
73
56
9
0
16
11
57
0
21
27
16
12
14
2
25
74
71
84
19
83
45
27
16
103
79
45
65
35
26
42
75
16
21
59
32
31
19
93
29
12
41
37
83
26
85
99
103
112
59
42
8
23
41
5
19
15
31
19
4
49
5
24
19
18
20
21
61
87
71
103
62
50
52
35
71
45
15
3
16
14
10
14
42
41
40
12
44
48
11
45
38
32
34
69
46
52
79
51
23
40
9
13
23
0
11
35
11
8
16
6
22
14
13
14
93
74
39
30
89
54
87
52
50
28
3
4
0
0
16
24
9
4
16
3
21
22
18
25
55
17
39
24
0
30
83
84
49
46
72
85
5
24
32
8
8
32
33
18
16
4
6
0
2
5
62
9
21
71
26
29
27
33
11
57
12
9
43
47
20
51
31
14
27
30
26
18
31
63
35
65
35
66
56
76
49
17
25
34
11
13
3
31
15
16
33
3
78
8
12
89
49
89
42
70
55
63
40
67
74
66
55
5
2
0
7
11
13
8
4
0
29
12
22
56
61
30
56
60
54
54
16
14
35
0
17
0
0
10
4
34
2
11
12
0
34
29
22
8
22
61
30
70
71
79
47
30
25
20
0
9
27
59
28
40
67
8
63
45
36
41
2
22
26
35
61
61
45
60
65
58
87
28
20
59
35
45
28
68
19
55
22
52
62
100
80
89
92
92
75
86
74
75
106
124
93
92
132
110
112
92
91
28
53
29
9
13
4
2
0
0
0
0
0
0
0
0
0
0
0
0
0
0
0
0
0
0
0
0
0
0
0
0
0
0
0
0
0
0
0
0
0
0
0
0
0
0
0
0
0
0
0
0
0
0
0
0
0
0
0
0
0
0
0
0
0
0
0
0
0
0
0
0
0
0
0
0
0
0
0
0
0
0
0
0
0
0
0
