MyRun30CtM001C07   08 Nov 2016
624
30
0930
0
12
2
4
17
47
32
0
3
2
12
4
35
0
65
57
192
84
241
154
60
159
61
46
68
0
0
8
0
0
0
0
0
19
4
0
0
19
3
16
0
10
0
18
0
12
7
0
93
24
0
29
0
0
0
69
0
23
27
0
2
45
10
28
27
51
12
72
16
3
41
0
0
0
2
0
0
0
3
0
0
0
0
0
4
3
0
5
2
0
2
0
3
0
2
0
22
11
7
5
2
18
0
4
0
0
0
11
11
14
0
4
21
25
28
0
17
36
23
0
19
0
0
0
0
0
0
0
3
0
0
3
0
0
0
0
0
0
0
0
0
0
0
0
0
7
0
0
0
2
0
0
14
0
0
0
0
0
29
6
30
15
47
14
28
13
44
32
66
0
2
2
0
0
0
0
2
0
0
0
3
0
0
0
0
0
0
2
0
0
0
0
0
13
0
0
0
0
2
10
0
2
0
0
14
0
4
7
0
7
34
36
0
25
74
2
73
0
0
2
2
0
5
0
0
0
0
0
0
9
2
0
0
0
8
0
0
5
0
2
2
37
0
6
0
2
0
14
0
0
0
0
30
0
0
12
0
3
40
0
5
15
53
29
53
2
0
0
0
0
0
2
0
0
0
10
0
0
0
2
0
0
2
0
0
0
9
0
0
51
3
3
0
12
5
0
0
0
34
0
0
0
4
0
3
24
56
53
61
68
10
63
65
26
2
3
17
0
0
0
10
0
0
0
5
12
0
16
0
2
0
3
0
25
19
0
17
39
5
0
9
4
2
0
0
0
12
0
42
0
0
128
0
128
8
53
146
10
86
131
193
28
3
0
2
0
0
0
0
0
0
16
0
0
0
0
0
19
0
3
0
6
7
2
0
20
0
18
0
6
3
0
11
41
0
3
66
0
0
8
70
34
47
92
136
59
73
109
204
92
5
0
10
0
0
0
0
0
0
0
0
0
0
0
0
51
13
16
32
0
8
28
0
173
0
0
0
12
10
0
33
0
0
2
0
0
45
0
23
168
252
128
59
28
183
221
310
202
7
0
0
2
0
0
7
0
0
2
7
0
0
21
3
0
8
3
49
0
0
91
0
34
0
0
0
19
30
0
44
3
12
8
0
11
0
102
96
32
185
128
121
77
221
287
329
77
5
28
0
0
0
6
0
0
0
0
33
34
0
0
0
14
0
0
107
38
0
91
0
75
0
0
0
0
7
5
24
0
2
41
0
0
0
0
65
128
79
2
195
115
153
141
291
43
92
3
5
0
0
0
19
20
4
0
0
17
39
35
0
0
0
64
0
48
424
0
44
103
32
77
3
111
90
45
13
163
17
93
173
31
60
277
73
241
191
189
271
429
426
436
458
211
168
334
329
366
309
326
254
321
244
263
252
30
156
84
14
4
0
0
0
0
0
0
