MyRun30CtM001C21   08 Nov 2016
624
30
0930
0
0
18
62
52
0
0
32
27
27
42
0
64
8
81
48
71
12
31
41
45
40
19
55
38
20
0
0
0
0
0
6
0
0
0
0
9
3
7
0
0
9
12
0
29
10
11
0
21
95
3
62
34
17
0
24
0
5
0
44
0
0
82
6
4
50
92
58
38
13
43
59
50
10
5
2
0
0
0
6
2
0
5
9
0
5
0
6
4
0
8
11
19
11
21
22
55
37
55
15
21
21
0
15
22
31
28
14
0
55
0
71
0
11
91
55
62
15
45
27
24
18
17
2
3
5
14
8
5
2
2
4
4
0
2
10
0
20
0
12
24
10
2
0
9
70
33
78
0
4
9
0
0
0
2
78
0
10
0
3
107
8
26
17
48
8
23
38
55
23
151
84
80
29
3
0
0
0
0
0
2
0
2
0
0
4
0
0
0
12
0
24
30
46
38
12
0
71
0
9
0
0
0
14
4
0
58
6
0
5
69
58
53
13
66
50
22
32
13
23
9
4
37
0
0
14
0
13
0
32
5
0
0
40
32
0
64
21
15
24
26
97
20
10
0
31
23
12
17
28
0
0
24
0
51
0
3
55
18
30
32
31
55
49
11
64
45
13
0
0
3
0
0
2
8
0
0
3
12
11
0
15
0
28
71
8
22
5
34
43
7
5
6
46
6
17
0
0
10
13
33
0
11
0
26
26
25
16
7
27
12
37
43
3
11
10
2
0
0
0
0
23
0
7
0
0
11
4
0
15
15
0
0
11
5
7
0
23
24
10
18
7
0
0
4
23
19
0
5
22
11
20
28
28
31
16
61
43
8
39
31
82
136
82
75
74
16
6
0
16
8
2
6
0
22
22
0
0
17
21
15
24
0
9
29
15
6
13
0
3
11
0
9
15
7
20
21
0
0
0
0
0
12
20
35
15
25
16
21
10
0
0
0
0
0
0
0
0
0
0
0
0
0
0
0
0
0
0
0
0
0
0
0
0
0
0
0
0
0
0
0
0
0
0
0
0
0
0
0
0
0
0
0
0
0
0
0
0
0
0
0
0
0
0
0
0
0
0
0
0
0
0
0
0
0
0
0
0
0
0
0
0
0
0
0
0
0
0
0
0
0
0
0
0
0
0
0
0
0
0
0
0
0
0
0
0
0
0
0
0
0
0
0
0
0
0
0
0
0
0
0
0
0
0
0
0
0
0
0
0
0
0
0
0
0
0
0
0
0
0
0
0
0
0
0
0
0
0
0
0
0
0
0
0
0
0
0
0
0
0
0
0
0
0
0
0
0
0
0
0
0
0
0
0
0
0
0
0
0
0
0
0
0
0
0
0
0
0
0
0
0
0
0
0
0
0
0
0
0
0
0
0
0
0
0
0
0
0
0
0
0
0
0
0
0
0
0
0
0
0
0
0
0
0
