MyRun30CtM001C26   09 Nov 2016
576
30
0930
8
0
4
4
3
0
4
0
8
0
0
4
9
2
0
4
5
7
8
3
7
0
64
93
56
4
0
0
0
0
0
3
0
0
0
5
0
5
0
2
4
2
0
3
0
2
2
9
17
46
0
0
4
2
9
0
2
4
0
2
10
0
0
9
0
0
5
4
51
24
38
146
74
23
7
0
0
0
2
2
0
0
0
5
0
9
3
2
2
2
3
3
0
0
0
0
3
20
0
0
0
2
2
0
0
0
0
7
3
5
4
0
3
2
0
22
0
20
38
52
81
53
26
13
0
3
0
0
10
3
0
4
0
3
2
3
6
3
4
0
12
6
5
2
2
52
0
0
2
3
0
4
0
4
2
0
14
2
4
5
0
2
36
4
0
23
31
79
77
12
2
0
0
2
0
0
0
0
10
5
0
10
0
4
2
0
9
3
0
0
3
0
5
38
0
0
0
9
0
7
2
0
4
5
3
8
0
0
5
10
7
80
0
5
69
67
78
3
0
0
0
0
0
0
0
0
0
5
0
3
0
0
0
7
0
2
2
6
4
0
0
27
0
16
0
0
6
0
2
8
8
0
0
2
0
11
0
0
0
62
10
29
53
82
86
4
0
0
0
0
0
0
0
4
3
0
0
6
0
0
0
0
3
3
0
2
0
7
0
39
0
0
15
2
0
6
0
15
0
0
19
3
0
0
12
24
63
0
18
54
39
65
46
69
65
26
5
0
0
0
2
11
0
4
7
5
2
0
0
2
23
0
2
9
0
0
0
10
0
4
16
2
11
15
5
0
17
3
0
0
7
3
44
0
0
2
0
52
58
49
66
28
0
0
5
0
0
0
0
0
0
15
0
5
0
0
6
0
0
0
0
5
3
2
0
38
0
0
0
10
0
7
0
12
19
8
2
9
4
0
38
5
10
28
2
14
22
44
86
17
0
0
0
0
2
0
0
4
5
0
0
0
10
0
17
0
2
2
0
0
2
5
7
52
0
0
0
0
22
5
0
12
0
15
0
0
3
2
2
7
14
3
24
56
43
51
97
24
7
0
0
10
0
0
0
7
6
2
0
0
0
2
3
7
4
0
5
5
2
0
0
46
3
0
14
0
7
20
0
12
2
0
24
0
3
2
2
0
63
0
0
38
52
71
50
25
0
0
12
7
0
0
0
0
0
12
2
0
6
0
2
9
0
0
4
0
3
3
9
32
6
2
3
0
0
34
0
0
4
0
2
11
2
3
3
43
28
5
41
27
45
84
79
39
0
0
17
5
0
0
0
18
7
0
0
0
0
4
0
3
0
3
9
0
10
0
