MyRun30CtM001C19   09 Nov 2016
576
30
0930
52
32
0
2
0
0
3
0
0
0
2
0
0
0
0
0
0
8
0
25
34
0
59
82
24
8
0
0
0
7
0
0
0
0
11
0
11
0
0
3
2
0
13
0
9
6
31
28
53
43
0
0
2
0
0
5
0
0
5
0
0
0
2
3
0
4
0
0
13
38
74
45
100
40
0
0
0
0
0
0
0
0
0
0
0
0
0
7
3
4
0
0
19
5
25
21
12
104
2
6
0
0
0
0
0
8
0
0
2
0
0
2
0
0
10
2
40
41
30
81
107
58
69
16
26
0
0
0
0
0
0
0
0
0
0
0
0
3
8
0
12
8
0
0
8
20
0
0
0
0
0
0
3
34
0
0
0
2
2
0
0
5
7
36
0
10
3
6
21
31
10
12
4
2
0
0
0
0
0
0
0
0
12
3
3
0
0
0
0
0
0
0
0
0
0
0
0
0
0
0
0
0
0
0
0
0
0
0
0
0
0
0
0
0
0
0
0
0
0
0
0
0
0
0
0
0
0
0
0
0
0
0
0
0
0
0
0
0
0
0
0
0
0
0
0
0
0
0
0
0
0
0
0
0
0
0
0
0
0
0
0
2
3
0
0
0
0
3
0
2
0
0
0
2
3
4
0
2
2
0
3
0
0
0
0
0
0
7
0
0
0
0
0
0
0
0
0
0
0
0
3
2
0
0
0
0
3
0
0
0
0
0
0
0
0
0
0
0
0
0
0
0
0
0
0
0
0
0
0
0
0
0
0
0
0
0
0
0
0
0
0
0
0
0
0
0
0
0
0
0
0
0
0
0
0
0
0
0
0
0
0
0
0
0
0
0
0
0
0
0
0
0
0
0
0
0
0
0
0
0
0
0
0
0
0
0
0
0
0
0
0
0
0
0
0
0
0
0
0
0
0
0
0
0
0
0
0
0
0
0
0
0
0
0
0
0
0
0
0
0
0
0
0
0
0
0
0
0
0
0
0
0
0
0
0
0
0
0
0
0
0
0
0
0
0
0
0
0
0
0
0
0
0
0
0
0
0
0
0
0
0
0
0
0
0
0
0
0
0
0
0
0
0
0
0
0
0
0
0
0
0
0
0
0
0
0
0
0
0
0
0
0
0
0
0
0
0
0
0
0
0
0
0
0
0
0
0
0
0
0
0
0
0
0
0
0
0
0
0
0
0
0
0
0
0
0
0
0
0
0
0
0
0
0
0
0
0
0
0
0
0
0
0
0
0
0
0
0
0
0
0
0
0
0
0
0
0
0
0
0
0
0
0
0
0
0
0
0
0
0
0
0
0
0
0
0
