MyRun30CtM001C20   09 Nov 2016
576
30
0930
25
22
0
65
33
0
0
0
5
0
2
0
2
4
0
36
0
62
21
19
35
47
75
153
123
7
0
0
0
0
0
0
2
16
2
6
2
5
17
2
59
20
3
15
7
58
44
30
49
56
87
18
30
0
3
0
0
3
0
0
3
0
2
4
0
0
86
26
50
87
98
116
155
39
6
0
0
0
13
4
0
0
4
11
0
0
5
0
66
54
2
37
0
49
78
56
53
44
40
0
52
61
68
50
55
54
47
38
33
38
24
48
26
23
22
55
35
3
10
14
27
88
36
47
84
54
26
0
32
47
12
6
4
8
14
20
8
4
10
0
2
15
27
0
12
14
15
85
0
23
17
0
7
2
0
11
2
5
9
2
2
5
33
3
15
42
54
91
61
28
4
3
0
11
2
13
4
0
9
0
0
8
18
4
10
15
0
58
38
63
49
10
22
110
30
2
2
0
0
0
2
11
0
12
0
2
3
0
12
8
96
21
69
28
71
111
147
65
2
2
0
5
0
0
3
0
10
2
5
3
3
0
40
43
10
5
44
43
23
16
31
173
49
32
49
2
29
0
5
2
0
0
2
19
0
9
6
2
139
2
75
83
105
172
192
106
41
21
4
0
0
0
0
0
0
2
2
0
0
8
7
5
25
60
2
58
33
25
27
290
73
59
3
34
0
0
52
0
0
0
23
4
12
0
0
2
46
81
14
79
104
144
151
171
114
199
121
179
29
108
155
82
35
5
0
14
0
26
0
3
5
0
5
22
16
44
15
10
0
43
0
10
0
0
0
0
0
0
0
8
0
28
0
0
75
0
54
94
107
113
137
136
88
93
102
21
0
3
0
0
2
0
0
0
6
13
0
12
14
3
2
7
29
39
18
171
132
67
44
83
35
2
42
0
46
5
0
0
0
9
3
0
27
63
20
116
121
114
181
83
165
172
110
56
5
2
13
5
33
80
16
9
0
2
64
9
57
15
0
18
25
12
104
235
204
173
206
153
195
230
202
215
226
173
209
235
194
182
170
137
138
101
112
198
182
111
79
25
0
0
6
0
0
0
0
0
3
0
0
0
0
0
0
0
0
0
0
0
0
0
0
0
0
0
0
0
0
0
0
0
0
0
0
0
0
0
0
0
0
0
0
0
0
0
0
0
0
0
0
0
0
0
0
0
0
0
0
0
0
0
0
0
0
0
0
0
0
0
0
0
0
0
0
0
0
0
0
0
0
0
0
0
0
0
0
0
0
0
0
0
0
0
0
0
0
0
0
0
0
0
0
0
0
0
0
0
0
0
0
0
0
0
0
0
0
0
