MyRun30CtM001C06   09 Nov 2016
576
30
0930
0
0
0
0
0
0
2
0
0
0
0
0
0
0
0
0
8
2
9
8
22
23
19
11
17
0
2
0
0
0
0
2
3
0
7
0
0
0
0
0
0
0
0
0
2
0
0
7
33
2
23
0
3
2
0
0
0
2
5
0
0
0
0
0
0
0
0
7
22
0
15
32
31
8
3
0
0
0
5
0
0
0
2
0
2
0
0
0
0
6
0
5
2
3
8
3
5
38
0
39
12
0
0
0
8
0
0
0
0
0
0
0
0
0
16
0
3
46
56
51
45
27
8
3
10
4
0
0
0
0
5
5
0
0
2
0
4
2
0
2
3
0
2
0
0
27
0
0
2
0
4
0
2
0
0
0
0
6
0
0
10
0
0
7
17
30
54
57
67
59
5
0
0
0
5
0
0
0
0
0
0
12
0
2
5
2
0
5
0
2
20
5
15
110
3
43
29
0
0
16
56
176
21
0
2
0
0
7
6
11
0
5
0
18
56
50
111
34
0
0
0
0
0
0
0
0
2
8
0
6
4
0
0
0
3
0
12
0
3
0
0
21
21
2
0
0
0
4
2
8
10
0
4
0
0
0
0
28
0
0
12
77
41
51
116
39
0
4
0
0
0
0
0
2
0
3
0
0
18
5
0
0
19
13
0
3
0
0
20
46
0
3
0
2
82
0
0
0
0
0
11
5
0
0
2
0
0
2
51
49
22
67
88
146
68
109
61
14
25
96
54
41
40
55
79
79
107
22
94
33
47
30
53
48
62
93
23
37
56
43
39
61
34
5
17
2
16
0
0
0
0
0
0
0
0
0
0
0
0
0
0
0
0
0
0
0
0
0
0
0
0
0
0
0
0
0
0
0
0
0
0
0
0
0
0
0
0
0
0
0
0
0
0
0
0
0
0
0
0
0
0
0
0
0
0
0
0
0
0
0
0
0
0
0
0
0
0
0
0
0
0
0
0
0
0
0
0
0
0
0
0
0
0
0
0
0
0
0
0
0
0
0
0
0
0
0
0
0
0
0
0
0
0
0
0
0
0
0
0
0
0
0
0
0
0
0
0
0
0
0
0
0
0
0
0
0
0
0
0
0
0
0
0
0
0
0
0
0
0
0
0
0
0
0
0
0
0
0
0
0
0
0
0
0
0
0
0
0
0
0
0
0
0
0
0
0
0
0
0
0
0
0
0
0
0
0
0
0
0
0
0
0
0
0
0
0
0
0
0
0
0
0
0
0
0
0
0
0
0
0
0
0
0
0
0
0
0
0
0
0
0
0
0
0
0
0
0
0
0
0
0
0
0
0
0
0
