MyRun30CtM001C24   09 Nov 2016
576
30
0930
35
4
0
5
5
0
40
0
0
0
0
0
6
0
0
0
0
55
3
13
30
20
60
25
38
8
0
2
0
0
0
2
11
0
0
0
0
13
0
2
0
63
35
0
20
95
116
77
77
99
98
71
60
40
12
4
28
51
19
7
28
11
28
2
9
36
59
62
38
27
46
44
31
46
44
60
47
26
48
35
36
40
5
18
12
0
0
2
0
0
0
0
0
3
2
5
0
8
0
33
9
0
3
48
2
0
2
0
0
2
2
0
0
5
2
4
0
69
66
33
37
65
32
35
7
2
0
5
0
0
2
3
0
0
4
4
3
0
0
7
5
14
65
0
22
34
23
16
0
0
0
0
0
0
0
2
3
0
0
6
0
0
0
2
38
58
27
56
63
21
0
2
0
7
2
0
0
5
0
13
0
9
16
0
0
0
9
3
0
80
24
0
56
144
6
9
25
0
5
0
0
0
0
5
2
0
6
3
2
20
47
7
43
44
83
99
114
56
0
3
0
2
0
0
5
0
0
4
2
4
33
9
10
0
3
16
0
24
16
5
44
147
91
12
61
0
5
2
0
0
0
0
0
5
0
0
0
27
0
98
30
74
96
99
134
32
2
9
0
0
0
0
4
2
9
0
0
8
6
0
55
6
12
0
0
15
0
0
27
210
115
24
18
0
8
0
4
5
9
0
0
4
0
7
0
11
2
70
24
67
50
166
140
233
131
128
181
135
56
7
0
0
82
11
0
0
0
0
2
0
0
9
13
4
13
29
3
0
2
0
107
13
0
0
0
0
7
0
5
0
0
7
13
0
2
92
64
96
64
81
141
144
0
3
0
2
0
67
0
0
0
0
0
65
4
3
0
22
0
26
2
2
0
2
24
181
177
148
163
65
30
37
91
53
14
91
8
0
172
50
8
56
12
3
0
206
158
147
193
214
213
191
180
176
161
129
132
141
122
171
125
108
143
100
70
7
107
33
97
118
124
118
137
164
130
49
16
8
0
0
0
0
0
0
0
0
0
0
0
0
0
0
0
0
0
0
0
0
0
0
0
0
0
0
0
0
0
0
0
0
0
0
0
0
0
0
0
0
0
0
0
0
0
0
0
0
0
0
0
0
0
0
0
0
0
0
0
0
0
0
0
0
0
0
0
0
0
0
0
0
0
0
0
0
0
0
0
0
0
0
0
0
0
0
0
0
0
0
0
0
0
0
0
0
0
0
0
0
0
0
0
0
0
0
0
0
0
0
0
0
0
0
0
0
0
0
0
0
0
0
0
0
0
0
0
0
0
0
0
0
0
0
0
0
0
0
