MyRun30CtM001C15   09 Nov 2016
576
30
0930
43
0
0
2
0
2
0
0
0
5
5
2
5
0
7
23
12
24
0
34
39
69
112
117
59
4
20
7
5
0
2
4
15
3
2
17
2
0
4
0
12
46
5
10
5
6
16
8
4
0
8
13
8
0
0
0
0
0
0
0
0
0
0
15
0
10
42
40
10
47
68
106
104
34
3
0
4
2
0
2
0
6
5
0
12
2
7
20
5
44
2
12
0
5
0
18
19
80
24
29
14
17
0
0
0
0
0
0
0
11
3
0
44
0
18
24
32
93
82
81
83
110
66
63
37
17
19
7
2
18
9
9
8
26
24
0
2
2
0
0
0
2
0
0
5
99
2
0
2
0
0
0
4
0
3
5
2
2
0
14
6
85
0
44
27
66
73
117
125
49
8
0
2
6
0
0
0
0
5
4
3
10
13
15
58
0
26
3
10
16
89
30
43
129
48
3
17
0
33
0
0
0
0
2
0
4
0
5
0
72
56
9
38
79
113
118
114
103
19
5
0
0
0
0
0
3
2
0
0
0
5
5
0
2
2
53
31
20
4
17
29
140
59
21
82
26
15
0
0
0
2
0
3
18
0
10
0
12
89
53
36
45
79
113
120
100
105
16
15
0
0
0
2
0
2
0
10
8
2
5
0
2
3
4
5
25
14
18
15
124
48
12
21
4
8
11
0
0
7
0
0
0
7
0
11
9
7
63
13
62
44
96
134
160
114
147
116
44
13
8
7
5
5
6
11
7
28
9
0
5
7
0
8
0
9
30
36
29
16
4
8
0
0
0
3
2
0
2
0
15
9
3
2
0
109
14
28
26
75
98
125
35
16
12
0
0
5
0
0
0
11
0
44
3
28
63
11
2
12
2
12
17
9
5
18
103
68
46
23
38
15
46
2
40
37
7
0
0
0
35
0
15
0
14
70
102
93
89
105
43
0
0
8
2
0
6
0
5
10
3
20
77
64
64
0
3
18
0
0
17
10
43
138
167
164
129
124
168
174
111
214
139
125
142
150
156
174
166
177
150
148
146
107
143
70
13
3
0
0
0
0
0
0
0
0
0
0
0
0
0
0
0
0
0
0
0
0
0
0
0
0
0
0
0
0
0
0
0
0
0
0
0
0
0
0
0
0
0
0
0
0
0
0
0
0
0
0
0
0
0
0
0
0
0
0
0
0
0
0
0
0
0
0
0
0
0
0
0
0
0
0
0
0
0
0
0
0
0
0
0
0
0
0
0
0
0
0
0
0
0
0
0
0
0
0
0
0
0
0
0
0
0
0
0
0
0
0
0
0
0
0
0
0
0
0
0
