MyRun30CtM001C02   09 Nov 2016
576
30
0930
30
119
0
0
9
2
2
0
0
0
11
0
0
2
0
13
3
85
22
41
57
127
93
155
211
0
2
0
0
0
0
0
0
0
0
0
0
0
2
0
4
2
8
2
5
3
11
35
64
145
63
2
3
0
2
0
0
0
0
2
2
2
0
6
0
2
65
5
84
15
85
95
212
2
0
0
0
3
3
0
5
0
5
0
0
3
4
0
9
0
0
0
3
8
4
25
5
167
3
16
6
0
0
4
0
0
0
0
5
0
0
2
5
0
46
67
2
65
108
112
181
233
68
31
7
0
0
0
4
8
2
44
2
3
0
0
0
2
0
2
0
8
56
0
0
62
0
3
0
3
4
0
3
0
7
16
0
2
3
0
0
0
8
76
54
23
107
91
168
63
8
8
0
5
0
8
0
4
0
2
5
17
2
2
2
0
0
4
0
0
38
0
76
141
56
0
36
0
7
0
0
9
0
3
6
3
4
11
0
2
81
56
2
32
157
141
55
74
2
3
3
0
0
0
3
10
2
11
2
0
3
2
0
32
0
7
0
2
5
17
0
186
38
24
0
3
59
3
0
2
71
0
0
7
6
7
2
0
0
99
31
13
128
167
121
34
0
0
3
8
0
11
0
3
3
74
0
6
4
0
2
18
0
2
0
2
10
6
2
239
45
127
3
0
31
0
2
5
3
0
0
37
3
2
4
0
49
16
96
108
112
137
143
167
102
56
74
30
50
4
3
10
5
15
21
3
5
6
0
0
5
6
5
12
5
14
39
0
0
0
10
3
0
0
11
27
0
82
2
0
22
18
0
37
10
0
58
179
78
128
145
118
4
0
0
0
0
18
0
2
0
14
0
0
74
4
2
0
2
3
2
0
9
2
39
164
40
20
3
0
44
0
24
60
2
31
5
24
5
0
19
23
55
42
2
75
60
61
77
96
2
8
0
15
0
0
5
38
10
2
12
3
2
6
2
5
25
37
2
0
0
12
15
220
69
35
18
42
0
9
35
0
89
0
5
55
0
0
83
85
13
90
34
53
101
135
196
107
9
0
0
0
26
12
2
0
2
0
0
2
3
4
3
12
0
0
20
0
0
0
10
170
100
74
0
0
0
37
0
49
41
2
0
0
0
69
10
26
126
5
0
81
74
137
165
112
6
2
29
0
0
2
5
0
0
0
0
41
0
0
0
0
41
0
2
0
0
11
2
141
84
90
0
0
87
5
29
0
122
0
14
0
10
122
0
0
85
27
74
66
94
94
152
114
0
10
2
8
4
8
17
2
0
0
7
5
26
0
41
28
0
35
2
0
5
2
