MyRun30CtM001C31   09 Nov 2016
576
30
0930
3
12
13
3
0
2
0
0
0
0
42
0
3
0
6
0
52
2
2
20
48
21
27
30
32
0
3
0
0
4
0
5
0
0
26
0
3
2
0
2
3
0
18
0
0
2
2
31
42
16
16
0
3
4
37
0
6
3
0
4
19
0
6
3
46
3
5
58
38
3
39
28
61
36
3
0
0
0
3
3
0
2
0
5
0
0
33
0
3
3
0
2
21
0
29
14
19
77
11
5
2
7
38
0
34
0
3
4
3
0
43
41
0
5
98
3
4
52
65
29
96
43
30
0
26
0
3
7
22
0
0
9
4
0
42
0
0
2
0
2
3
7
0
0
10
34
15
8
19
14
0
0
32
0
8
29
27
0
2
45
0
0
68
5
2
13
117
86
52
75
0
0
0
7
0
2
0
5
48
41
0
0
7
0
2
33
0
0
0
0
35
15
0
36
47
4
0
22
2
0
0
2
67
4
74
0
0
0
47
0
6
45
27
32
46
37
59
57
0
0
39
0
0
0
0
4
0
0
2
0
3
0
25
2
0
0
3
14
0
0
0
40
0
2
12
0
29
3
3
15
29
3
2
0
16
0
0
41
6
49
2
62
19
54
79
43
4
0
0
2
0
2
8
0
2
0
0
2
3
2
2
5
22
0
3
5
2
6
0
128
0
22
41
4
0
4
43
6
2
40
0
4
4
0
2
75
32
20
3
11
11
64
77
104
54
21
17
0
18
0
0
0
0
0
2
3
3
2
0
0
0
8
19
0
0
3
4
10
0
4
0
31
18
2
0
3
2
0
65
5
0
5
0
52
0
43
2
49
67
24
97
37
0
0
15
3
0
0
0
0
3
56
3
0
0
0
0
0
2
3
0
0
0
7
3
40
0
6
0
0
0
23
10
19
18
0
0
0
0
43
0
0
51
2
30
14
32
51
118
102
40
2
0
0
0
7
0
0
6
3
18
0
0
2
0
0
3
4
68
2
0
16
0
75
37
0
5
53
0
57
67
0
0
93
279
186
172
156
120
189
136
68
206
150
112
166
149
80
183
87
171
134
149
170
106
27
7
0
3
0
0
0
2
0
0
0
0
0
0
0
0
0
0
0
0
0
0
0
0
0
0
0
0
0
0
0
0
0
0
0
0
0
0
0
0
0
0
0
0
0
0
0
0
0
0
0
0
0
0
0
0
0
0
0
0
0
0
0
0
0
0
0
0
0
0
0
0
0
0
0
0
0
0
0
0
0
0
0
0
0
0
0
0
0
0
0
0
0
0
0
0
0
0
0
0
0
0
0
0
0
0
0
0
0
0
0
