MyRun30CtM001C04   09 Nov 2016
576
30
0930
20
2
38
0
28
0
11
0
2
0
3
0
3
5
60
0
2
49
17
19
70
44
45
47
57
0
0
0
0
2
3
0
2
0
2
0
31
0
2
12
16
0
0
53
0
12
16
40
57
50
17
0
15
3
25
0
2
0
0
0
0
0
5
0
2
31
55
39
21
40
76
36
93
2
2
5
0
2
0
2
0
0
4
0
2
8
0
18
3
0
0
0
0
43
24
13
44
64
68
46
74
3
27
8
56
0
0
0
0
3
0
0
0
0
8
8
0
44
93
125
109
215
101
70
12
27
2
10
0
0
17
5
0
0
0
0
0
0
0
0
0
25
9
0
0
126
0
15
10
0
0
2
0
6
0
5
0
0
0
0
2
0
54
3
138
0
3
114
91
4
0
0
0
0
2
0
0
4
0
0
0
0
13
8
0
0
0
29
10
41
44
14
14
135
0
12
0
7
0
5
0
0
0
29
0
3
0
0
51
90
105
0
2
91
68
101
310
10
0
2
0
0
0
4
0
0
0
2
0
0
0
2
4
5
0
13
5
36
37
19
20
143
38
0
0
0
0
2
0
0
9
0
2
0
3
2
102
0
41
0
53
40
142
189
178
70
0
0
0
3
0
0
0
7
0
0
0
0
13
3
0
0
0
2
54
0
7
7
7
271
0
58
0
0
3
0
0
0
2
0
0
72
99
3
0
70
0
85
26
53
76
175
488
391
419
236
233
184
50
111
39
0
39
29
17
0
34
0
0
7
7
0
45
2
7
23
18
0
131
0
0
0
0
8
0
0
10
2
0
0
0
6
0
0
163
25
18
69
90
273
288
87
0
10
0
0
0
0
12
0
12
0
21
2
0
13
28
0
5
3
19
16
25
30
16
374
95
19
7
0
16
4
0
0
67
0
0
78
0
0
0
10
62
120
123
36
185
162
282
83
3
2
0
0
0
0
33
0
0
12
0
0
2
20
0
5
0
4
14
9
17
18
0
181
50
0
43
4
0
2
0
0
74
0
14
0
0
0
37
0
124
0
31
132
226
244
423
168
9
5
0
0
0
0
0
0
0
0
45
0
0
0
21
0
5
0
35
102
9
3
20
288
33
71
0
0
3
78
2
0
0
61
0
13
0
0
6
0
74
95
49
214
402
464
436
225
267
167
55
114
166
136
52
47
0
53
113
58
91
0
6
0
2
0
37
11
35
2
56
289
188
50
0
177
144
28
148
40
144
255
313
64
0
0
22
474
418
345
299
454
82
291
388
416
331
381
30
28
28
13
82
349
50
125
408
299
328
372
292
378
331
286
204
279
249
241
