MyRun30CtM001C08   09 Nov 2016
576
30
0930
32
4
0
57
0
5
0
36
0
0
0
0
3
2
0
0
68
17
0
39
57
54
45
83
49
0
0
2
0
0
0
0
0
3
15
0
2
5
10
0
0
33
42
2
20
0
3
18
45
119
35
5
3
3
0
0
0
2
0
2
0
110
8
0
0
0
2
28
11
27
81
90
125
5
0
0
0
0
0
0
0
0
0
0
0
15
2
31
0
0
10
43
5
13
9
48
55
135
95
61
0
26
0
0
0
0
0
0
0
0
50
0
0
45
31
0
62
21
68
93
147
108
128
62
43
0
0
0
0
6
5
80
41
0
0
0
0
0
9
0
88
46
35
28
0
142
14
54
0
31
0
40
5
2
0
0
0
2
0
6
0
129
6
46
60
78
88
148
143
64
0
0
0
0
5
0
0
3
8
0
0
0
14
5
0
2
50
0
83
109
76
32
80
226
153
25
72
3
20
19
0
0
3
3
0
10
109
0
0
124
84
16
87
78
79
122
145
73
3
0
0
0
0
0
0
0
0
5
26
6
0
75
3
8
0
22
2
23
0
86
56
208
148
211
103
84
19
28
0
3
0
0
0
168
70
0
0
104
0
46
0
118
188
104
190
72
2
0
0
3
2
0
0
0
0
2
0
3
0
92
0
2
3
12
0
149
45
37
35
178
168
170
114
146
0
94
2
60
0
3
0
9
0
11
0
10
225
44
67
95
60
193
200
327
188
206
129
29
2
9
7
57
6
7
0
8
0
0
0
2
0
0
14
2
26
17
73
115
0
18
69
2
0
0
18
0
0
0
0
0
2
0
146
0
182
20
153
150
150
131
205
145
13
0
0
2
5
39
0
0
0
0
0
0
0
19
0
0
127
22
24
7
83
3
6
271
184
175
94
107
98
0
47
40
70
5
0
0
0
0
51
0
59
123
165
129
156
194
230
227
155
73
2
0
0
0
0
0
2
0
0
7
0
0
0
17
0
3
11
71
12
19
21
276
188
207
160
172
100
0
35
66
0
0
0
3
4
2
0
126
0
0
105
145
156
345
240
157
195
202
89
48
6
2
0
48
21
0
0
0
54
2
36
7
10
15
26
15
18
6
51
319
231
284
244
306
383
222
224
263
251
229
153
0
0
0
0
5
129
0
20
97
132
324
326
241
254
267
301
229
127
166
118
105
223
80
280
99
106
203
135
155
74
184
212
201
181
217
202
219
214
156
224
174
114
12
0
4
0
3
0
0
0
0
0
0
0
0
0
0
0
0
0
0
0
0
0
0
0
0
0
0
0
0
0
0
0
0
0
0
0
0
0
0
0
0
