MyRun30CtM001C32   09 Nov 2016
576
30
0930
2
5
4
2
0
0
0
0
0
0
0
0
0
0
2
0
0
0
9
2
22
16
25
8
17
0
3
0
2
0
0
0
0
4
0
0
0
0
2
3
2
0
22
9
22
2
15
14
35
21
2
0
13
2
11
0
0
0
0
0
0
0
0
2
2
0
0
29
0
23
19
38
36
0
0
0
0
0
2
0
3
0
0
4
3
8
8
10
6
38
7
3
18
30
16
7
2
11
17
14
0
0
5
0
2
2
0
0
0
0
0
2
5
0
2
15
25
17
26
63
43
51
41
13
3
0
0
0
6
6
7
0
2
4
3
3
3
12
8
2
7
32
22
0
11
80
15
9
0
6
0
0
2
2
2
0
0
0
0
0
0
0
12
3
29
23
24
28
73
5
2
2
2
0
9
0
0
0
0
5
7
0
11
18
24
3
2
17
30
51
58
12
24
69
49
7
3
0
2
0
0
0
2
2
0
0
27
14
0
0
0
43
46
4
49
75
117
25
2
0
0
0
0
0
6
3
2
0
0
3
9
0
4
7
0
0
14
64
64
30
29
105
31
18
19
0
16
0
0
0
0
0
5
8
0
2
3
2
55
0
3
43
44
42
75
20
0
4
2
0
3
0
0
7
0
48
0
0
0
0
2
0
5
9
2
43
25
83
11
140
82
67
8
15
39
0
2
3
0
5
0
0
0
25
0
3
40
4
24
47
60
66
97
131
97
83
68
46
27
42
25
0
30
0
46
10
0
0
7
19
0
12
0
6
45
10
12
28
34
8
3
26
0
0
2
0
0
0
2
2
6
0
5
27
0
43
0
61
60
59
40
34
8
12
7
0
5
0
9
0
0
0
0
34
0
5
2
5
5
25
33
12
37
21
12
91
38
19
12
23
0
4
34
5
0
0
0
0
5
24
0
3
5
6
65
58
31
88
77
23
9
6
2
3
0
0
3
0
0
22
9
7
0
46
28
8
18
3
15
38
28
41
54
160
136
150
93
93
82
138
58
120
83
89
109
53
18
45
15
26
26
50
48
9
46
33
24
83
72
38
46
40
17
35
25
29
7
29
26
0
11
2
8
0
5
50
24
0
0
0
2
0
0
0
0
0
0
0
0
0
0
0
0
0
0
0
0
0
0
0
0
0
0
0
0
0
0
0
0
0
0
0
0
0
0
0
0
0
0
0
0
0
0
0
0
0
0
0
0
0
0
0
0
0
0
0
0
0
0
0
0
0
0
0
0
0
0
0
0
0
0
0
0
0
0
0
0
0
0
0
0
0
0
0
0
0
0
0
0
0
0
0
0
0
0
0
