MyRun30CtM001C16   09 Nov 2016
576
30
0930
9
36
0
0
0
0
0
0
0
0
0
5
3
3
0
34
25
17
12
10
26
43
65
76
68
37
15
0
7
4
7
0
0
3
0
3
2
0
0
0
0
0
0
0
4
35
0
22
7
29
29
28
62
29
28
30
15
17
4
4
8
3
6
6
9
9
4
2
0
7
3
26
28
22
22
20
19
41
25
47
21
10
8
16
7
8
15
22
28
38
49
12
2
5
7
0
9
13
16
10
14
0
5
7
0
5
4
5
0
11
9
0
3
2
9
7
0
6
0
7
0
0
0
0
7
3
3
2
7
5
4
2
25
14
16
13
20
14
34
21
13
2
10
0
0
0
11
0
0
10
0
4
2
7
0
12
2
0
10
0
0
2
7
4
10
6
123
100
51
57
12
6
10
4
0
0
5
5
2
5
8
10
11
0
5
0
3
12
40
5
28
22
27
100
2
31
0
0
2
0
2
3
5
6
0
8
0
3
0
0
0
2
69
0
101
85
100
27
2
0
2
0
2
3
17
0
0
2
2
6
5
6
11
4
0
4
40
6
37
4
46
93
39
12
18
0
2
0
4
0
2
0
0
0
0
0
0
0
2
91
0
56
42
138
82
74
0
0
2
0
0
0
10
2
3
4
14
6
16
2
4
6
25
24
8
84
45
19
7
161
121
23
10
2
0
5
0
0
0
0
7
0
4
0
0
2
0
92
0
50
82
74
148
105
81
78
29
18
11
2
2
0
0
0
0
0
21
0
7
0
2
7
8
6
27
19
6
0
6
3
0
2
16
10
2
3
0
11
0
2
0
2
0
5
0
0
14
16
68
107
115
74
3
0
0
0
0
0
2
0
16
0
2
0
3
4
0
6
3
8
6
20
29
56
29
76
21
48
16
4
7
5
35
5
10
4
0
0
25
0
4
10
13
2
52
42
157
150
126
164
151
50
0
0
0
0
0
0
0
0
0
0
0
0
0
0
0
0
0
0
157
68
126
118
106
142
209
150
164
201
265
229
209
268
239
300
251
307
291
270
165
190
212
239
182
176
155
93
52
24
25
0
0
0
0
0
2
0
0
0
0
0
0
0
0
0
0
0
0
0
0
0
0
0
0
0
0
0
0
0
0
0
0
0
0
0
0
0
0
0
0
0
0
0
0
0
0
0
0
0
0
0
0
0
0
0
0
0
0
0
0
0
0
0
0
0
0
0
0
0
0
0
0
0
0
0
0
0
0
0
0
0
0
0
0
0
0
0
0
0
0
0
0
0
0
0
0
0
0
0
0
0
0
0
0
0
0
0
0
0
0
0
0
0
0
0
