MyRun30CtM001C19   08 Nov 2016
665
30
0930
0
15
5
3
2
5
0
7
12
12
0
7
21
9
5
3
4
4
4
12
2
9
0
0
0
18
5
16
7
7
4
16
0
0
2
0
2
2
7
0
2
6
5
0
0
9
48
2
2
2
5
2
2
5
7
10
7
2
2
9
2
0
14
5
2
8
6
2
3
6
5
0
5
4
16
10
7
0
0
2
2
10
5
2
0
2
0
0
5
0
6
0
0
0
2
7
8
2
13
4
0
0
8
0
11
2
5
0
0
7
5
0
2
7
6
8
2
0
5
6
14
10
7
0
0
0
0
2
4
6
0
3
2
0
0
0
0
0
0
0
0
0
0
0
4
9
17
0
0
0
4
0
0
0
0
0
4
0
2
5
2
4
8
7
6
0
4
6
7
6
0
0
0
0
0
0
0
0
2
0
11
7
0
0
2
0
0
0
0
0
0
5
0
0
0
0
2
0
0
0
4
2
2
2
0
0
0
0
0
2
10
15
3
9
2
4
14
22
34
7
10
5
0
2
5
0
0
0
0
18
0
0
0
0
7
0
0
0
0
0
0
14
8
7
2
0
8
0
0
5
4
0
0
10
14
0
0
0
8
0
0
22
0
7
0
38
22
12
0
0
0
0
0
3
2
0
16
0
2
0
0
2
0
2
4
0
0
0
0
0
0
0
4
0
0
0
0
2
4
4
2
4
0
5
5
0
0
14
2
8
0
2
0
16
10
0
0
0
0
0
0
0
21
0
2
0
0
0
0
0
0
5
0
2
0
0
0
21
0
0
22
2
0
0
0
0
0
0
4
9
0
2
2
0
0
0
2
2
0
0
5
26
55
6
0
0
0
2
5
2
0
0
16
0
0
0
0
0
15
0
5
4
0
0
2
0
6
0
0
0
0
9
0
13
2
0
0
5
0
0
9
0
10
2
0
16
13
0
10
34
14
7
13
2
0
6
0
0
0
0
0
0
0
0
0
0
0
0
9
0
4
2
2
12
19
0
0
2
15
14
2
24
5
0
5
2
0
7
20
11
8
0
0
9
18
17
5
8
47
4
28
0
0
5
0
0
0
10
7
0
9
0
0
2
0
0
9
14
0
0
0
4
0
0
0
25
14
5
2
2
10
0
0
0
0
0
0
4
0
6
0
0
0
0
0
38
33
23
0
2
0
32
12
9
0
0
12
11
0
0
0
4
17
10
0
12
0
0
0
12
0
0
0
0
109
28
12
4
5
0
15
0
0
7
0
42
11
10
26
22
0
17
12
34
21
7
24
14
0
24
0
0
0
12
8
0
0
9
7
9
0
2
2
2
0
12
15
39
19
0
27
42
18
0
58
20
5
0
10
6
21
8
13
0
0
37
21
27
0
0
25
111
68
38
23
5
18
21
36
0
16
0
0
21
0
0
7
2
9
36
18
21
12
23
10
10
47
79
72
59
95
40
62
40
78
67
54
16
88
28
53
9
10
0
3
0
0
6
5
3
0
0
0
0
0
0
0
0
0
0
0
0
0
0
0
