MyRun30CtM001C13   08 Nov 2016
665
30
0930
9
38
91
26
16
38
25
6
7
53
18
28
2
19
17
36
11
11
3
77
33
42
10
18
7
2
2
2
0
2
4
2
16
6
6
0
0
0
10
7
17
9
6
20
2
0
4
11
14
56
20
28
64
19
31
15
14
22
23
16
2
20
20
39
0
0
39
0
31
5
34
7
0
0
0
3
16
11
9
8
2
10
5
8
15
11
16
5
12
0
8
2
3
7
7
18
2
39
48
12
87
31
16
25
14
14
12
17
41
29
10
17
4
37
22
23
9
20
41
5
31
34
19
12
7
5
2
12
2
0
0
0
22
11
4
6
0
0
2
15
0
0
0
8
0
24
12
20
18
77
18
32
2
12
24
5
14
9
4
7
25
18
14
9
20
9
3
0
0
6
0
0
0
4
0
0
15
0
5
0
2
5
0
0
15
2
6
7
0
18
4
12
6
5
11
9
0
12
12
15
11
2
12
5
0
8
17
0
12
0
11
16
8
4
7
11
15
0
2
4
2
9
2
5
0
10
2
0
0
13
0
0
9
2
0
0
6
11
0
0
8
25
10
3
11
13
16
7
11
9
12
7
4
7
6
7
0
0
0
0
0
0
0
11
5
0
0
5
0
0
3
0
2
0
0
0
5
0
0
0
0
2
4
0
0
4
0
0
2
33
16
2
6
0
0
11
16
7
0
0
2
2
0
11
17
20
2
11
13
35
16
7
10
4
0
0
0
0
0
0
4
0
0
0
0
0
0
0
0
3
0
2
2
4
0
0
0
13
7
9
5
0
9
14
16
9
13
3
7
0
17
5
0
9
0
0
0
0
0
7
17
4
23
6
0
0
0
2
0
4
0
0
0
0
2
0
10
2
0
0
0
0
0
0
10
26
0
0
8
0
10
0
0
0
0
4
0
0
10
12
3
0
2
0
22
11
9
0
9
10
5
25
2
0
0
0
0
0
0
11
0
0
0
0
0
0
0
0
0
5
2
0
10
32
24
0
24
26
11
13
22
12
25
15
11
24
37
8
5
27
38
0
30
29
18
0
16
18
14
19
0
2
7
2
0
0
0
0
0
0
0
0
5
0
10
18
5
0
0
0
0
37
64
26
98
93
108
91
60
216
38
178
155
149
106
185
169
237
84
160
239
162
131
68
177
44
105
160
149
143
103
165
73
103
177
219
293
176
202
205
82
36
36
40
24
25
35
57
27
37
34
120
99
34
29
4
0
0
0
0
0
0
0
0
0
0
0
0
0
0
0
0
0
0
0
0
0
0
0
0
0
0
0
0
0
0
0
0
0
0
0
0
0
0
0
0
0
0
0
0
0
0
0
0
0
0
0
0
0
0
0
0
0
0
0
0
0
0
0
0
0
0
0
0
0
0
0
0
0
0
0
0
0
0
0
0
0
0
0
0
0
0
0
0
0
0
0
0
0
0
0
0
0
0
0
0
0
0
0
0
0
0
0
0
0
0
0
0
0
0
0
0
0
0
0
0
0
0
0
0
0
0
0
0
0
