MyRun30CtM001C30   08 Nov 2016
665
30
0930
18
21
18
60
31
34
30
17
27
37
32
25
14
27
33
28
22
39
26
58
45
34
36
37
43
2
0
4
0
2
2
0
0
0
0
0
0
0
0
0
0
0
5
0
0
4
2
23
16
49
22
6
2
17
10
0
4
15
0
5
28
0
0
0
19
15
0
43
37
29
4
23
17
0
17
2
0
2
0
0
0
0
0
0
0
0
2
0
0
0
2
0
0
2
0
8
6
60
39
30
4
0
0
0
3
5
0
0
0
0
2
26
33
18
27
24
51
35
32
55
79
15
7
3
2
0
0
0
6
0
0
0
3
0
0
0
0
0
0
2
0
0
0
14
8
44
21
25
18
2
0
3
12
27
0
5
2
0
14
23
30
2
15
49
35
51
66
50
74
20
29
2
0
0
3
0
0
0
4
0
5
4
0
0
0
2
0
3
2
12
31
5
0
33
32
31
26
35
24
18
0
2
15
0
5
0
2
24
26
15
14
16
12
29
19
8
32
5
2
0
0
0
0
0
0
0
0
0
0
24
0
0
0
0
7
0
0
4
0
7
20
22
20
33
32
31
31
6
13
2
0
0
2
0
5
0
2
11
22
10
18
24
10
14
21
7
6
0
0
0
0
0
3
2
0
0
0
0
0
0
0
0
3
3
2
5
0
10
31
22
29
18
33
26
37
24
12
16
23
7
0
13
5
0
13
10
14
29
29
10
19
13
25
6
2
6
8
7
2
2
3
0
5
7
3
3
2
7
10
0
9
2
9
5
2
3
7
39
17
36
12
27
18
17
23
22
14
22
19
10
0
0
4
27
22
40
36
35
28
33
23
16
11
0
0
7
2
3
4
3
0
0
2
3
2
2
0
0
0
17
0
8
2
4
12
41
45
18
12
11
26
23
23
8
31
29
23
54
33
33
27
15
9
19
22
30
31
29
45
28
22
2
5
0
7
2
7
0
0
2
9
4
5
9
0
0
0
0
0
19
0
0
2
43
20
10
17
35
52
16
36
15
33
29
12
21
22
38
32
30
24
40
51
36
36
68
47
16
27
11
0
0
4
34
4
7
0
0
20
0
2
2
6
8
18
2
12
0
2
17
7
13
25
53
43
43
42
33
12
30
62
40
39
45
50
24
45
46
47
48
37
64
69
60
60
49
40
5
4
0
2
7
0
6
5
0
0
0
2
0
4
3
17
0
0
10
18
0
7
39
62
53
38
37
28
63
37
43
42
62
52
66
54
70
25
76
37
51
48
58
71
71
69
38
54
58
3
4
0
0
5
11
0
5
0
0
2
4
7
0
7
14
3
0
0
15
7
44
68
48
70
85
72
85
88
60
78
124
119
92
114
74
83
28
82
67
72
52
19
61
90
34
35
13
5
0
0
0
0
7
5
11
3
7
2
2
0
0
8
0
0
5
4
4
3
63
66
74
58
88
51
78
56
4
55
49
62
106
107
47
97
105
131
94
180
137
119
124
184
72
132
115
106
56
23
13
11
11
5
14
40
58
8
17
5
